# callgrind format
version: 1
creator: callgrind-3.15.0
pid: 3295
cmd:  ./main.out
part: 1


desc: I1 cache: 32768 B, 64 B, 4-way associative
desc: D1 cache: 32768 B, 64 B, 8-way associative
desc: LL cache: 12582912 B, 64 B, 24-way associative

desc: Timerange: Basic block 0 - 4799157
desc: Trigger: Program termination

positions: line
events: Ir Dr Dw I1mr D1mr D1mw ILmr DLmr DLmw
summary: 31558796 10118604 3985922 973 281253 71878 944 1080 49604


ob=(2) ???
fl=(16) ???
fn=(254) 0x00000000004004b8
0 6 2 0 1

fn=(442) 0x0000000004a2486c
0 3 1 0 1 0 0 1

fn=(196) 0x0000000004a245a8
0 6 2 0 2 0 0 1

fn=(416) 0x0000000000400dd4
0 3 1

ob=(6) /usr/libexec/valgrind/callgrind-amd64-linux
fl=(69) ???
fn=(282) 0x00000000580a48d1
0 3 1 0 1 0 0 1

ob=(3) /usr/lib64/libc-2.17.so
fl=(46) /usr/src/debug////////glibc-2.17-c758a686/string/../sysdeps/x86_64/multiarch/memset.S
fn=(176) memset
27 1 1 0 1 0 0 1
+1 1
+1 1 1
+1 1
+1 1 0 0 1 0 0 1
+2 1 1
+1 1
+5 1 1

fl=(47) /usr/src/debug/glibc-2.17-c758a686/time/../sysdeps/unix/sysv/linux/x86_64/gettimeofday.c
fn=(178) gettimeofday
30 1 0 0 1 0 0 1
+1 1
+3 2
-3 4 0 4
+3 1 0 1
cfi=(44) /usr/src/debug/glibc-2.17-c758a686/elf/../sysdeps/unix/sysv/linux/dl-vdso.c
cfn=(170) _dl_vdso_vsym
calls=1 -7 
* 7 3
+1 3 0 0 1 0 0 1
+1 3 1

fl=(58) /usr/src/debug/glibc-2.17-c758a686/stdlib/bsearch.c
fn=(226) bsearch
26 13 0 13 1 0 0 1
+5 13
-5 117 0 65 0 0 1 0 0 1
+7 13
-7 26 0 26
+7 13
+7 26
+1 23
-8 46
+2 87
+2 87 87 0 1 0 0 1
-2 87
+1 261 87
+1 174 0 87
cfi=(57) /usr/src/debug/glibc-2.17-c758a686/string/../sysdeps/x86_64/cacheinfo.c
cfn=(228) intel_02_known_compare
calls=87 +84 
* 519 261 0 1 8 0 1 8
+1 174
+1 61
-6 122
+14 10
-1 10
+1 73 70
-11 3
+11 21 21 0 1 0 0 1

fl=(78) /usr/src/debug/glibc-2.17-c758a686/posix/../sysdeps/unix/sysv/linux/times.c
fn=(318) times
27 4 0 0 1 0 0 1
-2 4
+2 8
+1 4 0 0 1 0 0 1
-1 4
+1 4
+28 16 4

fl=(103) /usr/src/debug/glibc-2.17-c758a686/stdlib/exit.c
fn=(398) exit
98 2 1 1 1 0 0 1
+1 2
-1 1
+1 1 0 1
cfn=(400) __run_exit_handlers
calls=1 -63 
* 1622 467 271 63 69 11 58 6

fn=(400)
36 9 1 4 1 1 0 1
+5 6 1 0 0 1
+4 3 0 0 1 0 0 1
-4 3 1
+4 3
+3 1
-1 1 0 1
+2 5 1
+33 1 1
+1 1
-1 1 0 1
+1 1
+6 2 0 0 1 0 0 1
+1 5 1 1 0 1
cfi=(84) /usr/src/debug/glibc-2.17-c758a686/libio/genops.c
cfn=(444) _IO_cleanup
calls=1 948 
* 286 75 61 25 9 0 25 5
* 3
+2 2 0 1
cfi=(107) /usr/src/debug/glibc-2.17-c758a686/posix/../sysdeps/unix/sysv/linux/_exit.c
cfn=(458) _Exit
calls=1 -65 
* 8 1 0 2 0 0 2
-19 1 1 0 1 0 0 1
+4 2 1
-2 2 1
+2 1 0 1
cob=(1) /usr/lib64/ld-2.17.so
cfi=(104) /usr/src/debug/glibc-2.17-c758a686/elf/dl-fini.c
cfn=(402) _dl_fini
calls=1 +55 
* 1274 382 201 32 57 11 27 1
+1 1

fl=(48) /usr/src/debug/glibc-2.17-c758a686/string/../sysdeps/x86_64/multiarch/memmove.c
fn=(180) memcpy@GLIBC_2.2.5
52 15 4 0 1 0 0 1

fl=(93) /usr/src/debug/glibc-2.17-c758a686/math/../sysdeps/ieee754/dbl-64/wordsize-64/s_isinf.c
fn=(366) isinf
20 2 0 0 1 0 0 1
+1 2
-2 2
+1 2
+3 2
-2 2
+1 6
+1 6
+1 2 2

fl=(96) /usr/src/debug////////glibc-2.17-c758a686/stdlib/../sysdeps/x86_64/mul_1.S
fn=(372) __mpn_mul_1
32 16 0 16 1 0 0 1
+3 16
+1 16 16
+1 16
+1 16
+1 16
+2 16
+1 16
+2 16
+1 16
+1 16
+1 16
+1 14
+2 14
+1 14
+1 14 0 14
+1 14
+26 2 0 0 1 0 0 1
+1 2
+1 2
+1 2
+1 2
+1 2
+1 2 2
+1 2
+1 2
+26 2 0 0 1 0 0 1
+1 2
+1 2
+2 2 0 2
+1 2
+1 2
+1 2 0 2
+1 2
+1 2
+2 2 2
+3 2 2
-5 14
+2 14 14
+3 14 14

fl=(51) /usr/src/debug/glibc-2.17-c758a686/csu/../csu/init-first.c
fn=(208) _init
52 8 0 4 1 0 0 1
+6 6 2 0 1 1 0 1
+17 1 1 0 0 1
fi=(52) /usr/src/debug/glibc-2.17-c758a686/csu/../sysdeps/unix/sysv/linux/x86_64/init-first.c
-35 2
fe=(51)
+33 1 0 1 0 0 1 0 0 1
+1 1 0 1
fi=(52)
-34 1
-2 2 0 2 1 0 0 1
fe=(51)
+37 1 0 1 0 0 1 0 0 1
fi=(52)
-37 3 0 2
+2 1 0 1
cfi=(44)
cfn=(170)
calls=1 -13 
* 7 3
+1 2
+5 2
-3 2 1 0 1 0 0 1
+1 1 0 1 0 0 1
+2 1 0 1
cfi=(44)
cfn=(170)
calls=1 -19 
* 7 3
fe=(51)
+43 1
fi=(52)
-39 1
fe=(51)
+39 2
fi=(52)
-39 2
+1 2 1
+1 1 0 1
fe=(51)
+37 1 0 1
cfi=(53) /usr/src/debug/glibc-2.17-c758a686/misc/init-misc.c
cfn=(212) __init_misc
calls=1 -59 
* 68 10 5 6 1 1 6
+8 1 0 1
cfi=(55) /usr/src/debug/glibc-2.17-c758a686/ctype/ctype-info.c
cfn=(216) __ctype_init
calls=1 -65 
* 16 10 3 2 3 0 2
+5 6 5
-35 1 1 0 1 0 0 1
-9 1 0 1 0 0 1 0 0 1
+9 4 3
fi=(52)
-25 2 0 0 1 0 0 1
fe=(51)

fl=(92) /usr/src/debug/glibc-2.17-c758a686/math/../sysdeps/ieee754/dbl-64/wordsize-64/s_isnan.c
fn=(364) isnan
26 2 0 0 1 0 0 1
-1 2
+1 2
+1 4
+1 2 0 0 1 0 0 1
+1 2 2

fl=(53)
fn=(212)
30 4 0 2 1 0 0 1
+1 5 1
+2 3 0 1
cfi=(54) /usr/src/debug////////glibc-2.17-c758a686/string/../sysdeps/x86_64/strrchr.S
cfn=(214) __GI_strrchr
calls=1 -8 
* 44 3 0 4 1 0 4
+4 5 1 1 0 0 1
+1 3 2 1 1 0 0 1
+2 4 3

fl=(84)
fn=(352) _IO_default_xsputn
423 1 0 1 1 0 0 1
+4 1
-4 7 0 5
+3 1
-3 1 0 1
+3 1
fi=(88) /usr/src/debug/glibc-2.17-c758a686/libio/libioP.h
959 6 0 0 1 0 0 1
fe=(84)
456 11 3
fi=(88)
961 6
+1 6
fe=(84)
456 12 6 3
cfi=(82) /usr/src/debug/glibc-2.17-c758a686/libio/fileops.c
cfn=(336) _IO_file_overflow@@GLIBC_2.2.5
calls=3 802 
* 99 27 15 0 0 1
* 6
+2 3
-2 3
-25 16 8 0 1 0 0 1
+29 2 1
+1 8 7 0 1 0 0 1

fn=(444)
948 1 0 1 1 0 0 1
+3 1
-3 6 0 5
+3 1 0 1
cfn=(446) _IO_flush_all_lockp
calls=1 760 
* 92 26 13 9 8 0 9 4
-63 1 1
+63 1
-63 2
fi=(88)
+71 2
fe=(84)
-59 1 1
fi=(88)
+59 2 0 0 1 0 0 1
fe=(84)
-69 9 3
+2 2
-1 4
+3 4 1
+6 16 5 3 2 0 0 2
+8 5 2 0 0 1 0 0 1
+10 1 1
fi=(88)
+43 2
+1 2
fe=(84)
-44 4 1 1
cfi=(82)
cfn=(452) _IO_file_setbuf@@GLIBC_2.2.5
calls=1 451 
* 82 19 26 8 0 0 8
+3 2
+7 3 0 3 1 0 0 1
-40 9 3
+75 9 7
-53 1 0 0 1 0 0 1
+4 1 1
-4 1 0 1
+2 1 1
+1 1 0 1
+1 1 0 1
-2 1 0 1
+3 4 1 1
+6 3 1 0 1 0 0 1
+1 8 1 3 1 0 0 1

fn=(454) _IO_default_setbuf
523 1 0 1 1 0 0 1
fi=(88)
959 2
fe=(84)
523 2 0 1 1 0 0 1
fi=(88)
959 1
fe=(84)
523 5 0 2
+1 1 1
fi=(88)
961 2
+1 2
fe=(84)
524 2 1 1
cfi=(82)
cfn=(456) _IO_file_sync@@GLIBC_2.2.5
calls=1 863 
* 17 7 3 3 0 0 3
* 2
+9 1 1
-7 1
+7 1
-7 1 0 0 1 0 0 1
382 1 1
528 1
+1 1
-1 1 0 1
+1 1
382 4
+7 1
-5 1 0 1
+1 1 0 1
+4 1 0 1
536 2 0 2 1 0 0 1
+2 1
-2 1 0 1
+1 3 0 3
+2 6 5

fn=(338) _IO_doallocbuf
395 3 0 3 1 0 0 1
+1 1 1
-1 1
+1 1
+6 4 4
-4 3 1
+1 1 1
fi=(88)
959 3 0 0 1 0 0 1
+2 2
+1 2
fe=(84)
399 2 1 1 0 1
cfi=(85) /usr/src/debug/glibc-2.17-c758a686/libio/filedoalloc.c
cfn=(340) _IO_file_doallocate
calls=1 95 
* 131 24 18 11 3 3 11 1 3
* 2

fn=(384) __overflow
229 32 0 16 2 0 0 1
+2 48 16
+2 16 16
fi=(88)
959 48 0 0 2 0 0 1
+2 32
+1 32
fe=(84)
233 16 16
+1 32 16
-1 16
cfi=(82)
cfn=(336)
calls=16 802 
* 528 144 80

fn=(446)
760 8 0 6 2 0 0 2
+6 3 0 1
+6 1 1 0 1 1 0 1
-11 1
+10 1 1 0 0 1 0 0 1
+2 2
fi=(88)
959 2
fe=(84)
777 1 1
fi=(88)
959 2
fe=(84)
776 3 0 0 1 0 0 1
-1 3 0 3
+1 3
+3 9 3 0 1 2 0 1
+10 6 0 0 1 0 0 1
+4 3 3 0 1 0 0 1
-2 3 0 3
+2 6
+7 3 3 0 0 2 0 0 1
-27 6
+31 2
+2 3 1
+4 9 7
-31 12 6 0 2 2 0 2 2

fn=(348) _IO_setb
381 5 0 2 1 0 0 1
+1 4 2
+3 1 0 1
+2 4 0 0 1 0 0 1
-3 1 0 1
+3 2 0 1
+3 4 3

fl=(54)
fn=(214)
25 1 0 0 1 0 0 1
+1 1
+1 1
+1 1
+1 1 0 0 1 0 0 1
+1 1
+1 1
+1 1 1 0 0 1
+1 1
+1 1
+1 1
+1 1
+1 1
+1 1
+1 1
+1 1
+1 1
+1 1
+1 1
+1 1
+1 1
+1 1
+1 1
+2 1 1
+1 1 0 0 1 0 0 1
+1 1
+1 1
+1 1
+1 1
+1 1
+1 1
+1 1
+1 1
+2 1
+1 1
+1 1
+1 1
+7 1
+1 1 0 0 1 0 0 1
+1 1
+1 1
+1 1
+1 1
+1 1 1

fl=(64) /usr/src/debug////////glibc-2.17-c758a686/setjmp/../sysdeps/x86_64/bsd-_setjmp.S
fn=(266) _setjmp
31 1 0 0 1 0 0 1
+2 1
cfi=(65) /usr/src/debug////////glibc-2.17-c758a686/setjmp/../sysdeps/x86_64/setjmp.S
cfn=(268) __sigsetjmp
calls=1 -7 
* 28 6 10 3 0 0 3

fl=(77) /usr/src/debug/glibc-2.17-c758a686/misc/../sysdeps/unix/sysv/linux/getclktck.c
fn=(316) __getclktck
30 20 8 0 2 5 0 2
+1 4 4

fl=(66) /usr/src/debug/glibc-2.17-c758a686/setjmp/sigjmp.c
fn=(270) __sigjmp_save
29 2
-1 2 0 1
+1 2 0 1
+5 3 2

fl=(74) /usr/src/debug/glibc-2.17-c758a686/posix/../sysdeps/unix/sysv/linux/x86_64/sysconf.c
fn=(310) sysconf
32 16 0 12 1 0 0 1
+1 4
-1 4
+1 8
fi=(75) /usr/src/debug/glibc-2.17-c758a686/posix/../sysdeps/unix/sysv/linux/sysconf.c
+38 28 0 0 1 0 0 1
+35 4
-35 4
fi=(76) /usr/src/debug/glibc-2.17-c758a686/posix/../sysdeps/posix/sysconf.c
-18 24 4 0 1 3 0 1 1
fe=(74)
-16 20 16 0 1 0 0 1
fi=(76)
+39 4 0 4 1 0 2 1
cfi=(77)
cfn=(316)
calls=4 -46 
* 24 12 0 2 5 0 2
* 8
fe=(74)

fl=(71) /usr/src/debug/glibc-2.17-c758a686/stdlib/random_r.c
fn=(292) srandom_r
162 5 0 3 1 0 0 1
+8 2 0 0 1 0 0 1
+2 1 1
+1 2
+3 1 1
+2 3
+3 1
-1 1 0 1 0 0 1 0 0 1
+1 1
+5 1 1
+1 1
+5 1
-5 4 0 0 1 0 0 1
+5 7
+2 1
-1 2
+1 2
+2 3
+1 1 0 1
-10 3 0 0 1 0 0 1
+5 203
+2 29
-1 58
+1 58
+2 87
+1 29 0 29 0 0 1 0 0 1
-10 87
+13 1 1 0 0 1
+1 2 0 1
-1 2 0 1
+2 1
+1 4
+3 2
-3 1
+3 1 0 1 0 0 1 0 0 1
cfn=(294) random_r
calls=1 357 
* 26 8 4 2 0 0 2
* 618
-3 309
+3 309 0 309
cfn=(294)
calls=309 357 
* 8024 2472 1236
-3 620 0 0 1 0 0 1
+7 1
+4 5 4

fn=(294)
357 1049816 0 0 1 0 0 1
+5 262454 262454
-2 262454 262454
+2 524908
+9 262454 262454
+1 262454 262454
+1 262454 262454
+3 524908 524908
+3 262454
-3 262454 0 262454
+2 262454 0 0 1 0 0 1
+2 262454
-2 262454 0 262454
+2 262454
+7 253988
+4 253988 0 253988
-3 507976
+6 253988
-2 507976 253988 253988
-32 8466
+23 8466
+11 8466
-3 8466 0 8466
+1 16932 8466 8466

fl=(45) /usr/src/debug////////glibc-2.17-c758a686/string/../sysdeps/x86_64/multiarch/strnlen.S
fn=(172) strnlen
30 1 1 0 1 0 0 1
+1 1
+1 1 1
+1 1
+2 1 1

fl=(86) /usr/src/debug/glibc-2.17-c758a686/io/../sysdeps/unix/sysv/linux/wordsize-64/fxstat.c
fn=(344) _fxstat
35 1 0 0 1 0 0 1
-1 1
+1 1
+1 6
+4 1 1

fl=(102) /usr/src/debug/glibc-2.17-c758a686/malloc/malloc.c
fn=(394) free
2930 8 8 0 1 2 0 1
+1 8
+5 8
-91 4 4 0 1 0 0 1

fl=(87) /usr/src/debug/glibc-2.17-c758a686/misc/../sysdeps/unix/sysv/linux/wordsize-64/mmap.c
fn=(346) mmap
32 1 0 1 1 0 0 1
+1 1
-1 9 0 5 0 0 1 0 0 1
+1 3
+1 10
+2 7 7
-3 2 0 0 1 0 0 1

fl=(105) /usr/src/debug/glibc-2.17-c758a686/stdlib/cxa_finalize.c
fn=(430) __cxa_finalize
30 3 0 3 1 0 0 1
+17 1
-17 5 0 3
+4 4 1
+4 6 1
-4 3 1 0 1 0 0 1
+32 4 1 0 1 0 0 1
+4 6 1 0 0 1
-4 3 1 0 1 0 0 1
+12 2
+3 1
-2 1
+2 6 6
-2 1
cfi=(106) /usr/src/debug/glibc-2.17-c758a686/nptl/../nptl/sysdeps/unix/sysv/linux/unregister-atfork.c
cfn=(432) __unregister_atfork
calls=1 -44 
* 7 3 1 1 1 0 1 1

fl=(97) /usr/src/debug////////glibc-2.17-c758a686/stdlib/../sysdeps/x86_64/rshift.S
fn=(374) __mpn_rshift
29 2 0 0 1 0 0 1
+1 2
+1 2
+13 2
+1 2
+16 2 0 0 2 0 0 1
+1 2 2
+1 2 2
+1 2
+1 2
+1 2
+1 2
+5 2
+1 2 0 2
+1 2 0 0 2 0 0 1
+1 2 0 2
+1 2 2

fl=(65)
fn=(268)
26 1 0 1 1 0 0 1
+9 1
+1 2 1 0 1 0 0 1
+1 1 0 1
+4 1 0 1
+1 1 0 1
+1 1 0 1
+1 1 0 1
+1 1
+2 2 1
+2 1 0 1
+1 1 1
+1 1
+2 2 1
+2 1 0 1 1 0 0 1
+9 1
cfi=(66)
cfn=(270)
calls=1 -35 
* 9 2 2

fl=(80) /usr/src/debug/glibc-2.17-c758a686/stdio-common/vfprintf.c
fn=(328) vfprintf
222 22 0 12 1 0 1 1
+35 6 4 2 0 2 1
1271 7 2 1 1 2 0 1
+4 10 2 0 0 2 0 0 1
+11 4
+11 2 2
fi=(108) /usr/src/debug/glibc-2.17-c758a686/stdio-common/printf-parse.h
109 4
fe=(80)
1297 10 4 6 1 0 4 1 0 2
fi=(108)
109 2 0 2 0 0 2 0 0 1
cfi=(81) /usr/src/debug////////glibc-2.17-c758a686/string/../sysdeps/x86_64/strchrnul.S
cfn=(330) strchrnul
calls=2 -83 
* 46 4 0 2 2 0 2
fe=(80)
1312 2
fi=(108)
109 2 0 2
fe=(80)
1308 2 0 2 0 0 2 0 0 1
+4 4 0 2
+4 2 2
fi=(109) /usr/src/debug/glibc-2.17-c758a686/stdio-common/../libio/libioP.h
959 2
+2 2 0 0 1 0 0 1
-2 6 0 4
+2 4
+1 4 2
fe=(80)
1316 12 4 2 1 2 0 1
cfi=(82)
cfn=(332) _IO_file_xsputn@@GLIBC_2.2.5
calls=2 -41 
* 38 14 12 2 0 2 2 0 1
* 6 0 2
2058 4 2 2
cfi=(102)
cfn=(394)
calls=2 2930 
* 14 6 0 2 2 0 2
* 2 2 0 1 2 0 1
+1 4 0 2
cfi=(102)
cfn=(394)
calls=2 2930 
* 14 6
* 2 2
+2 10 4 2 1 0 0 1
+3 2 2
+1 16 14
1271 2
+41 14 4 6 1 4 0 1
+1 30 12 6 2 5 0 2 1
2061 10 2 4 1 0 0 1
+1 6 2
1316 4 0 0 1 0 0 1
+4 2 2
-4 2 0 2
+4 4 2
+4 14 6 0 1 4 0 1 1
270 2 0 2
-6 2 0 2
-3 2 0 2 0 0 2
1301 2 0 2 1 0 0 1
-8 2 0 2
227 2 0 2
1372 48 6 12 2 0 0 1
-3 6
-1 6
-17 6 0 6
+1 6 0 6
+1 6 0 6
+1 6 0 6 0 0 2 0 0 1
+1 6 0 6
+1 6 0 6 2 0 0 1
+1 6 0 6
+1 6 0 6
+1 6 0 6
+1 6 0 6
+1 6 0 6
+3 6 0 6
+1 6 0 6
1554 12 0 6 0 0 2 0 0 1
-21 18 0 6
1372 54 18 0 2 6 0 2 3
2056 4 2 0 1 0 0 1
1654 12 0 0 1 0 0 1
+8 6 6
fi=(108)
109 18 0 12 1 0 0 1
fe=(80)
1662 6
fi=(108)
109 6
fe=(80)
1662 6 0 6
fi=(108)
109 6 0 6
cfi=(81)
cfn=(330)
calls=6 -83 
* 183 17 0 0 1 0 0 1
fe=(80)
1666 6 6
fi=(109)
961 6
fe=(80)
1662 6 0 6
fi=(109)
962 6 6
-1 12 0 0 1 0 0 1
+1 18 12
fe=(80)
1666 42 6 18
cfi=(82)
cfn=(332)
calls=6 1275 
* 1146 229 110 24 1 0 19
* 30 18 0 1 0 0 1
-10 6
+10 48
+2 6 6
-2 6 0 6
+2 6
-16 12 0 4
-18 168 68 12 9 0 0 9
fi=(109)
961 12
+1 8 4
fe=(80)
1634 24 8 8 1 0 0 1
cfi=(82)
cfn=(332)
calls=4 1275 
* 741 162 104 27 5 6 27 1 4
* 84 24 12 2 0 0 2
cfi=(83) /usr/src/debug/glibc-2.17-c758a686/stdio-common/_itoa.c
cfn=(334) _itoa_word
calls=4 168 
* 184 16 12 3 2 0 3 1
* 300 88 50 18 0 0 16
cfi=(90) /usr/src/debug/glibc-2.17-c758a686/stdio-common/printf_fp.c
cfn=(358) __printf_fp
calls=2 1266 
* 3524 748 462 97 22 13 90 7 4
* 38 10 4 2 0 0 2

fl=(90)
fn=(376) hack_digit.13666
232 56 0 28 1 0 0 1
+3 70 28
+2 42 14
+2 28 28
+1 14
-1 14
+1 28
-1 14 14
+1 14 0 14
cfi=(96)
cfn=(372)
calls=14 32 
* 280 42 28
* 14 0 14
+30 84 42
-35 84 14 14 2 0 0 2

fn=(360) __printf_fp_l
169 20 0 12 1 0 0 1
+53 2 2
-53 2 0 2 0 0 1
+33 2 0 2
+2 2 0 2 1 0 0 1
+18 6
+52 2
-52 4 0 2
+52 2
fi=(91) /usr/src/debug/glibc-2.17-c758a686/stdio-common/../locale/localeinfo.h
+23 2 2 0 0 2
fe=(90)
-2 2 2
fi=(91)
+2 2 2 0 0 2
fe=(90)
-2 2
fi=(91)
+2 2 0 2 0 0 1
fe=(90)
-20 4 2 2 1 0 0 1
+18 2
+43 2 0 2 1 0 0 1
184 2 0 2
-1 2 0 2
342 2
+2 2 2
-2 2 0 0 1 0 0 1
+47 6 2 2
+4 2 0 2 0 0 1
cfi=(92)
cfn=(364)
calls=2 26 
* 14 2 0 2 0 0 2
* 4
+15 4 2 2
cfi=(93)
cfn=(366)
calls=2 20 
* 26 2 0 1 0 0 1
* 4
1259 16 14 0 1 0 0 1
424 18 2 4 3 0 0 2
cfi=(94) /usr/src/debug/glibc-2.17-c758a686/stdlib/../sysdeps/ieee754/dbl-64/dbl2mpn.c
cfn=(368) __mpn_extract_double
calls=2 35 
* 42 4 10 3 0 1 3
+4 2
-4 2 0 2
+4 4
+36 2 2
+4 2
-4 12
+1 2 0 0 2 0 0 1
+1 2
+1 2
+1 30 0 2 1 0 0 1
+1 2
-1 2
+1 6
-1 2
+1 2
-1 2 0 2
+1 22 0 2 2 0 2 1 0 1
+1 4
-1 4 0 2 1 0 0 1
+1 26 0 2 1 0 2 1 0 1
+6 2 0 2
-6 2
+7 2
-7 2 0 2
+7 2
821 2 2 0 1 0 0 1
+10 2 2
-10 2 0 2 0 0 1
+10 8 6 0 0 4 0 0 1
+2 2
-2 2 0 2
+2 2
+10 4 2
+48 2 2 0 1 0 0 1
-61 2 0 2
+61 4
+14 8 2 0 1 0 0 1
+1 2 2
-1 4
+7 4 2
fi=(110) /usr/src/debug/glibc-2.17-c758a686/stdio-common/../nptl/sysdeps/pthread/allocalim.h
28 4
fe=(90)
922 32 0 2 2 0 0 2
-8 2 0 2
-1 2 0 2
+9 4 0 4
+1 4 2
+3 10 4 0 1 0 0 1
+12 6 2 0 1 0 0 1
+12 6 0 2 1 0 0 1
+1 38 14 14
+1 42
+1 4 2
+3 12 12 0 1 0 0 1
-1 12
+2 12
-1 12 0 12 0 0 2 0 0 1
cfn=(376)
calls=12 232 
* 636 156 84 3 0 0 3
* 12 0 12
+1 24
+2 24 8
-6 10 0 0 1 0 0 1
+15 6 4 0 1 0 0 1
+1 8 2 6
cfn=(376)
calls=2 232 
* 106 26 14
+2 10 4
+1 2
-1 2
+2 6 2 0 1 0 0 1
+3 2 2
-4 2
+4 2
+5 2
-1 2
+1 16 6 0 1 0 0 1
fi=(98) /usr/src/debug/glibc-2.17-c758a686/stdio-common/../sysdeps/generic/get-rounding-mode.h
94 2 0 2
+1 10 2
fe=(90)
1087 6 0 0 1 0 0 1
+7 4
+3 4 2 0 1 0 0 1
+13 6 2
+46 12 4 0 1 0 0 1
+2 14 2 2
+2 2
-2 2 0 2
+2 12 2 0 1 0 0 1
648 4 0 0 1 0 0 1
216 2 0 0 1 0 0 1
1163 4
+7 8 2 0 1 0 0 1
+9 6 2 0 1 0 0 1
+7 2 2
+3 2 0 2
-3 2
+5 4 2 2 1 0 0 1
cfi=(100) /usr/src/debug////////glibc-2.17-c758a686/string/../sysdeps/x86_64/strlen.S
cfn=(382) __GI_strlen
calls=2 25 
* 28 4 0 4 2 0 4 1
+2 2 2
-2 2 0 2
+2 4
+5 2 2
+1 2 2 0 1 0 0 1
-1 2 2
+1 2
-1 2
+2 4 2
+11 36 0 6 1 0 0 1
+1 4 2 0 1 0 0 1
+6 2
-6 2 0 2
+6 18 4 6
+3 28
+3 28 0 14
-6 48
+1 48 16 0 1 0 0 1
+1 6 4 2
cfi=(89) /usr/src/debug////////glibc-2.17-c758a686/string/../sysdeps/x86_64/memcpy.S
cfn=(356) __GI_mempcpy
calls=2 61 
* 36 4 2
* 4
fi=(98)
95 4 0 0 1 0 0 1
fi=(99) /usr/src/debug/glibc-2.17-c758a686/stdio-common/../include/rounding-mode.h
-43 4
fe=(90)
846 2 2 0 1 0 0 1
+2 2 0 2
-1 2 0 2
+10 2 0 2 1 0 0 1
-11 4 0 2
953 6 6 0 1 0 0 1
1228 4 2
-1 2 2 0 1 0 0 1
+18 6 2
+3 4 2 0 1 0 0 1
+7 6 2
-90 6 2 0 1 0 0 1
846 2 2 0 1 0 0 1
-1 2 0 2 1 0 0 1
+1 6 0 2
+3 6 2
+95 2 2 0 1 0 0 1
+2 2 2
-1 2 0 2
825 2 0 2 1 0 0 1
944 2 0 2
+2 6 0 2
656 8 0 2 1 0 2 1 0 1
cfi=(95) /usr/src/debug////////glibc-2.17-c758a686/stdlib/../sysdeps/x86_64/lshift.S
cfn=(370) __mpn_lshift
calls=2 29 
* 30 4 2 3 0 0 3
+1 2 2
+4 2 2
-8 2
-1 2
-1 2 0 2
+30 2 0 2 1 0 0 1
-24 2
+4 2
-4 6 2 4
+52 2
-49 2 0 2
+1 2 0 2
+48 2 0 2
-43 2
+2 4 2 0 0 2 0 0 1
-2 22
+2 44 22 0 0 8 0 0 4
779 24 0 0 1 0 0 1
-2 24
+2 92
+24 6 2 2
1245 166 48 0 2 0 0 2
-78 4 0 0 1 0 0 1
858 10 0 2 1 0 0 1
-77 6 2 0 1 0 0 1
+4 10 6 2
cfi=(96)
cfn=(372)
calls=2 32 
* 64 8 6 3 0 0 3
+4 2 2 0 1 0 0 1
+1 2
-4 2 2
+3 2 2
+1 8 4
+9 2 0 2 1 0 0 1
+1 4 0 2
1166 2 0 0 1 0 0 1
846 4 0 2
-48 8 2 2 2 0 0 2
cfi=(97)
cfn=(374)
calls=2 29 
* 34 6 4 5 0 0 3
* 2
616 2 0 0 1 0 0 1
1194 4 0 2
+51 64 0 32 1 0 0 1
cfi=(84)
cfn=(384)
calls=16 229 
* 800 208 96 4 0 0 2
* 48 16

fn=(358)
1266 2 2 0 1 2 0 1
-1 2
+1 8 2
cfn=(360)
calls=2 169 
* 3512 744 462 96 20 13 89 7 4

fl=(57)
fn=(228)
121 261 174 0 1 8 0 1 8
+3 252 84
-2 3
+3 3 3

fn=(222) handle_intel.isra.0
262 4 0 4 1 0 0 1
+12 2
-12 12 0 8
+9 2 0 2
+1 4 0 2
-3 6 0 2 1 0 0 1
+23 10 0 2
cfn=(224) intel_check_word
calls=2 132 
* 1478 350 148 7 6 2 7 6 2
+1 4
+3 10 0 2
cfn=(224)
calls=2 132 
* 735 170 77 1 2 0 1 2
+1 4
+3 5 0 1
cfn=(224)
calls=1 132 
* 31 7 6
+1 2
+3 5 1 1
cfn=(224)
calls=1 132 
* 194 46 22 1 0 0 1
+1 2
-25 4 0 0 1 0 0 1
+5 2
-5 4 0 2
+5 2 0 0 1 0 0 1
+2 2
+1 2
-1 4 0 2
+27 16 14

fn=(220) init_cacheinfo
478 2 0 2
+12 1 1
-12 1 0 1
+12 1 1
-12 1 0 1
+12 1
-12 1 0 1
+12 1
648 2 0 0 1 0 0 1
+2 1 0 0 1 0 0 1
+1 1 0 1 0 0 1 0 0 1
+2 1
-3 1
+5 1 0 1
-5 1 0 1
+4 3 0 1
+4 2
+2 1
+1 1 0 1 0 0 1 0 0 1
+2 1 0 0 1 0 0 1
+4 1 1
-7 1
+5 1 0 1
-5 1 0 1
+4 1
+3 2 2
-3 1
+3 1 1
-3 1 0 1
+3 2 2
492 2 0 1 1 0 0 1
cfn=(222)
calls=1 262 
* 1564 360 172 13 8 2 13 8 2
+4 1
-4 1
+4 1 0 1
cfn=(222)
calls=1 262 
* 982 228 109
+2 1
-2 1
-1 1
+3 1
+9 3 1
+2 1 1 0 1 0 0 1
+1 1 1
+2 1
+5 2
+9 16
-9 12
+6 3
-6 3
+6 3
-6 3
+6 1
-6 1
+6 1
+69 4 0 0 1 0 0 1
+1 6
-65 1 0 0 1 0 0 1
+32 1
-26 5
+7 2
+4 4
+2 4
-6 4
+4 1
-2 1
+2 1
-4 3
+4 1 0 0 1 0 0 1
-2 1
+2 1
+15 1
+1 4
-9 1 0 0 1 0 0 1
+2 2
+1 1
-1 2
+1 1
+1 1

fn=(224)
132 48 0 36 1 0 0 1
+1 18
+6 48
+2 6
-2 6
+2 6 0 0 1 0 0 1
+88 10
-76 26
+53 26
+23 65 0 0 1 0 0 1
-1 13 0 13 0 0 1 0 0 1
+1 13 0 13
cfi=(58)
cfn=(226)
calls=13 26 
* 1979 526 191 4 8 1 4 8 1
+2 26
+2 12 3
+14 2
+6 11
141 22
+2 13 0 0 1 0 0 1
+2 26
-10 4
258 48 42
-23 2 0 0 1 0 0 1
+2 4
+2 4 2

fl=(83)
fn=(334)
168 16 0 0 2 0 0 2
+2 8
+9 152 12 12 1 2 0 1 1
+9 8 4

fl=(79) /usr/src/debug/glibc-2.17-c758a686/stdio-common/printf.c
fn=(326) printf
29 32 0 26 2 0 0 2
+4 2
-4 2
+5 2
-1 10 0 8 1 0 1 1
+1 6 4 2 0 4
cfi=(80)
cfn=(328)
calls=2 222 
* 7275 1568 1019 214 64 37 198 16 15
+4 4 2

fl=(43) /usr/src/debug/glibc-2.17-c758a686/time/../sysdeps/unix/sysv/linux/x86_64/time.c
fn=(168) time
36 2 0 0 1 0 0 1
+1 2
+3 4 0 0 1 0 0 1
-3 8 0 8
+3 2 0 2
cfi=(44)
cfn=(170)
calls=2 -13 
* 14 6 0 2 1 0 2
* 6
+1 6 2

fl=(70) /usr/src/debug/glibc-2.17-c758a686/stdlib/random.c
fn=(302) random
287 262144 0 0 1 0 0 1
+3 1572864 262144 262144 1 0 0 1
+2 786432 0 262144
cfi=(71)
cfn=(294)
calls=262144 +65 
* 6807288 2097152 1048576
+2 1048576 262144 262144 1 0 0 1
+2 262144 262144
+1 524288 262144

fn=(290) srand
209 2 0 0 1 0 0 1
+1 6 1 1 0 0 1 0 0 1
+1 3 0 1 1 0 0 1
cfi=(71)
cfn=(292)
calls=1 -49 
* 10520 2488 1586 7 1 3 7 0 3
+1 4 1 1
+1 2 1

fl=(106)
fn=(432)
35 1 1 0 1 1 0 1 1
-8 2 0 1
+11 2
+82 2 2

fl=(42) /usr/src/debug////////glibc-2.17-c758a686/string/../sysdeps/x86_64/multiarch/strcmp.S
fn=(166) strcasecmp
100 1 1 0 1 0 0 1
+2 1
+1 1 1 0 0 1
+1 1
+2 1
+1 1 1
+1 1
+5 1 1 0 1 0 0 1

fn=(174) strncasecmp
120 1 1 0 1 0 0 1
+2 1
+1 1 1
+1 1
+2 1
+1 1 1
+1 1
+5 1 1 0 1 0 0 1

fl=(101) /usr/src/debug////////glibc-2.17-c758a686/io/../sysdeps/unix/syscall-template.S
fn=(388) write
81 4 2 0 1 0 0 1
cfn=(390) __write_nocancel
calls=2 * 
* 10 2

fn=(390)
81 10 2

fl=(63) /usr/src/debug/glibc-2.17-c758a686/stdlib/cxa_atexit.c
fn=(248) __cxa_atexit
56 6 0 3 1 0 0 1
-22 2 0 1 1 0 0 1
cfn=(250) __new_exitfn
calls=1 +38 
* 39 8 8 5 3 2 5 1 2
+2 2
+4 1
+3 1 0 1
+1 1 0 1
-4 2 1
+2 1 0 1
+4 1 0 1
+1 1
+11 4 4

fn=(250)
72 1 0 1 1 0 0 1
+6 2
-6 3 0 1
+6 4 1 1 1 1 1 1 1 1
+2 4 1 0 0 1
-7 2
+9 3 1 0 0 1
-2 1 1 0 1 0 0 1
+10 1 0 1
-10 2
+45 1 0 1 1 0 0 1
+1 1 0 1 0 0 1 0 0 1
+3 4 1 1
+3 5 3
-35 2 0 0 1 0 0 1
+14 1
+1 2 0 1

fl=(73) /usr/src/debug/glibc-2.17-c758a686/time/../sysdeps/unix/sysv/linux/clock.c
fn=(308) clock
25 4 0 4 2 0 0 1
+2 4
-2 4
+2 4 0 4
cfi=(74)
cfn=(310)
calls=4 +5 
* 148 32 16 7 8 2 7 1
+9 4
-9 4
+9 4 0 4
cfi=(78)
cfn=(318)
calls=4 -9 
* 44 4 0 2 0 0 2
+2 8 0 0 1 0 0 1
+3 12 0 0 1 0 0 1
-1 8 8
+4 8 4
-4 4
+4 4 4

fl=(62) /usr/src/debug/glibc-2.17-c758a686/csu/../csu/libc-start.c
fn=(246) (below main)
132 7 0 5
+4 1 1
-4 3 0 3 1 0 0 1
+4 7 1
+62 1
-62 1 0 1
+62 1
+1 4 0 1
cfi=(63)
cfn=(248)
calls=1 56 
* 61 13 16 7 3 2 7 1 2
+22 6 2 0 1 0 0 1
+3 2
+1 5 4 1
cob=(5) /Users/yguven17/Lab8_assignment/main.out
cfi=(59) ???
cfn=(252) __libc_csu_init
calls=1 0 
* 55 13 9 7 1 0 6
+4 4 2
+15 2 0 0 1 0 0 1
+9 2 0 1
cfi=(64)
cfn=(266)
calls=1 31 
* 30 6 10 4 0 0 4
+1 2
+5 2 1 1 0 1
+1 2 1 1 0 1
+3 2 0 1
+3 6 5 1 1 0 0 1
cob=(5)
cfi=(67) /Users/yguven17/Lab8_assignment/main.c
cfn=(272) main
calls=1 46 
* 31461136 10093059 3972426 272 279989 71346 255 40 49105
+34 2 0 1
cfi=(103)
cfn=(398)
calls=1 98 
* 1628 468 273 64 69 11 59 6

fl=(81)
fn=(330)
26 8 0 0 1 0 0 1
+1 8
+1 8
+1 8
+1 8
+1 8
+1 8
+1 8 8 0 0 2
+1 8
+1 8
+1 8
+1 8
+1 8 0 0 1 0 0 1
+1 8
+1 8
+1 8
+1 8
+1 8
+1 8
+1 8
+2 5 5 0 0 1 0 0 1
+1 5
+1 5
+1 5
+1 5
+1 5
+1 5
+1 5
+1 5
+2 8
+1 8
+1 8 8

fl=(100)
fn=(382)
25 2 0 0 1 0 0 1
+1 2
+1 2
+1 2
+1 2
+1 2
+1 2 2 0 0 2 0 0 1
+1 2
+1 2
+1 2
+1 2 0 0 1 0 0 1
+44 2 0 0 1 0 0 1
+1 2 0 0 1 0 0 1
+1 2 2

fl=(94)
fn=(368)
35 4 2 2 1 0 0 1
+2 6 0 2
+1 2
+9 2
-9 2
+9 2
+9 2
-18 4 0 0 1 0 0 1
+18 2
-18 2 0 2
+9 2 0 2 0 0 1
+9 2
+47 6 0 2 1 0 0 1
+4 4 2

fl=(107)
fn=(458)
27 2 1 0 1 0 0 1
+4 1
+2 2

fl=(55)
fn=(216)
32 5 5 0 1 2 0 1
+2 1 1
-2 2 0 1 1 0 0 1
+2 3 1 1
+2 5 3 1 0 1

fl=(95)
fn=(370)
29 2 0 0 1 0 0 1
+1 2
+2 2
+1 2
+1 2 0 0 1 0 0 1
+12 2
+1 2
+1 2 2
+1 2
+1 2
+1 2
+1 2
+6 2 0 0 1 0 0 1
+1 2 0 2
+1 2 2

fl=(82)
fn=(386) _IO_file_write@@GLIBC_2.2.5
1251 14 0 8
+2 10 0 0 1 0 0 1
+11 2
+1 2
-12 4
+5 2 2
-1 6 2
+1 4 0 2
cfi=(101)
cfn=(388)
calls=2 81 
* 14 4 0 1 0 0 1
+1 4
+9 6 2
+3 18 10 0 1 0 0 1

fn=(452)
451 2 0 1 1 0 0 1
+1 1 0 1
cfi=(84)
cfn=(454)
calls=1 +71 
* 67 16 18 7 0 0 7
* 2
+4 2 1 1
-1 2 0 2
+2 3 0 3
+2 1
+1 2 2

fn=(336)
802 88 0 66 1 0 1 1 0 1
+1 66 22
+7 150 42
+35 44 0 0 1 0 0 1
+3 38 19
+3 57 0 38 0 0 1
+1 57 19
+1 76
+4 19
+1 76 76
-45 2 1 0 1 0 0 1
+12 2
+9 4 2
+8 1 1
-4 1 0 1
+3 2
-2 2 0 2 1 0 0 1
-3 1 0 1
+1 2 0 1
+5 1
-1 1 0 1
+1 3
+1 2 0 1
+3 3 0 0 1 0 0 1
+1 3
+11 9 9
-12 3
cfn=(350) _IO_do_write@@GLIBC_2.2.5
calls=3 493 
* 213 56 39 10 1 0 10
-31 2 0 1 1 0 0 1
cfi=(84)
cfn=(338)
calls=1 395 
* 156 32 22 13 4 3 13 1 3
+1 6 2 3

fn=(332)
1275 12 0 12 3 0 0 1
+7 12
-7 84 0 60 0 0 2 0 0 1
+6 24
+7 60 10 0 3 0 0 1
+17 4 2
+4 15
+5 36 0 9
cfi=(89)
cfn=(356)
calls=9 61 
* 245 35 26 6 0 1 6
* 9 0 9
+6 9
-1 9
+1 18
+2 30 0 0 1 0 0 1
+4 3 3
fi=(88)
959 9
+2 6
+1 6 0 0 2 0 0 1
fe=(82)
1326 9 3 3
cfn=(336)
calls=3 802 
* 463 110 81 29 5 4 29 1 4
* 6
+6 6 6
+1 18
+2 9
+11 6
+1 4 0 1
cfi=(84)
cfn=(352)
calls=1 423 
* 190 52 25 4 0 1 4
* 2
+2 2
+1 8 7
-1 18
+1 88 77 0 1 0 0 1
-45 3
-15 27 18 0 1 1 0 1
+1 18
+3 27
+2 248 82
-2 174 0 0 1 0 0 1
+4 8 0 0 2 0 0 2

fn=(342) _IO_file_stat
1224 1 0 0 1 0 0 1
+1 3 1
cfi=(86)
cfn=(344)
calls=1 35 
* 10 1 0 1 0 0 1

fn=(350)
493 3 0 3 1 0 0 1
+2 6
-2 15 0 12
+2 3
+1 6 6
+8 8 2 0 1 0 0 1
+7 8 4
+8 2 2 0 1 0 0 1
fi=(88)
961 4
+1 4 0 0 1 0 0 1
fe=(82)
519 8 2 2 0 1
cfn=(386)
calls=2 1251 
* 86 20 10 3 0 0 3
* 2
+1 6 2
+6 2 2
-4 2 2
+4 2
-4 6 0 6
+1 4 0 4 1 0 0 1
+3 2
-2 2 0 2
-29 4
+1 6 6
-1 2
+1 2 2
-1 2
+1 4 4
+29 4 2
-4 8 0 0 2 0 0 2

fn=(456)
863 4 0 2 1 0 0 1
+5 4 2
+2 1 1 0 1 0 0 1
+1 2 1
+17 1 0 1 1 0 0 1
+4 1
-4 1
+4 3 3

fl=(56) /usr/src/debug/glibc-2.17-c758a686/libio/vtables.c
fn=(218) check_stdfiles_vtables
81 4 2 0 1 1 0 1
+1 3 2 0 1 1 0 1
+1 4 3 0 0 1

fl=(72) /usr/src/debug/glibc-2.17-c758a686/stdlib/rand.c
fn=(300) rand
26 262144 0 0 1 0 0 1
+1 262144 0 262144
cfi=(70)
cfn=(302)
calls=262144 287 
* 11263736 3145728 1835008 3 0 0 3
+1 524288 262144

fl=(85)
fn=(340)
95 5 0 3 1 0 1 1 0 1
+15 4 2 0 0 1
fi=(88)
959 3
+2 2 0 0 1 0 0 1
+1 2
fe=(85)
110 3 1 1 0 1 1 0 0 1
cfi=(82)
cfn=(342)
calls=1 1224 
* 14 2 0 2 0 0 2
* 2
+2 4 1
+11 4 1
+4 6 0 1 1 0 0 1
cfi=(87)
cfn=(346)
calls=1 -95 
* 33 7 6 2 0 1 2 0 1
* 2
+1 5 0 1
cfi=(84)
cfn=(348)
calls=1 381 
* 21 5 5 2 0 0 2
+1 1
+1 8 4
-13 1 1 0 1 1 0 1 1
fi=(111) /usr/src/debug/glibc-2.17-c758a686/libio/../sysdeps/unix/sysv/linux/sys/sysmacros.h
-71 6
fe=(85)
+71 1 0 0 1 0 0 1
-2 2
+5 2 0 1

fl=(89)
fn=(356)
61 11 0 0 1 0 0 1
+4 11
+3 11
+1 11
+2 9 9
+1 9 0 9 0 0 1
+2 9 0 0 1 0 0 1
+1 9
+5 9
+1 9
-1 2
+1 2
+2 8 8
+1 8 0 8
+2 8
+1 8
+5 8
+1 8
-1 3
+1 3
+2 3 3
+1 3 0 3
+2 3
+1 3
+5 3
+1 3
-1 8
+1 8
+2 1 1
+1 1 0 1
+2 1
+1 2
+5 1
+1 1
-1 10 0 0 1 0 0 1
+1 11
+5 1 1
+1 1 1
+1 1 0 1
+1 1 0 1
+2 1
+2 1
+1 1
+2 1
+6 11
+4 11 11
+12 1
+2 1
+1 1
+3 1
+1 2
+5 1 1 0 1 0 0 1
+1 1 0 1
+2 1
+2 1
+1 1
+2 3
+9 1
+1 1
+3 1
+1 1
+1 1
+5 1
+2 1 1
+1 1 1
+1 1 1
+1 1 1 0 1 0 0 1
+2 1 0 1
+1 1 0 1
+1 1 0 1
+1 1 0 1
+2 1
+1 1
+2 1
+22 1 0 0 1 0 0 1
+2 1

fl=(44)
fn=(170)
27 5 5 0 1 0 0 1
-1 5
+1 5 5 0 0 1
+4 10
-3 10 5 0 1 0 0 1

ob=(5)
fl=(67)
fn=(396) improved_matrixTrans
21 5 0 4
-1 14 2 2 1 0 0 1
+4 2 0 1
+1 64 0 32
+2 3072 1024 1024
+1 49152 16384 16384
+1 5242880 1835008 262144 1 17639 38477 1 0 16384
-1 1654784 835584 262144
-1 103424 52224 16384
-2 5216 3136 1024 1 0 0 1
-1 163 98 32
+7 3 3

fn=(274) rand_init
36 7 1 4 1 0 0 1
-1 6 0 1 1 0 0 1
+2 2 0 1 0 0 1 0 0 1
cob=(1)
cfi=(60) /usr/src/debug////////glibc-2.17-c758a686/elf/../sysdeps/x86_64/dl-trampoline.h
cfn=(241) _dl_runtime_resolve_fxsave'2
calls=1 +34 
* 754 257 122 2 4 17 2 4 17
* 5 3 2
* 2 0 1
cob=(1)
cfi=(60)
cfn=(241)
calls=1 +34 
* 11278 2747 1705 9 5 4 9 4 4
* 5 3 2
+2 2 0 1
+1 1024 0 512
+1 2097152 524288 262144
cob=(3)
cfi=(72)
cfn=(300)
calls=262143 -15 
* 12312265 3407859 2097144
cob=(1)
cfi=(60)
cfn=(241)
calls=1 +30 
* 774 265 124 4 5 0 4 4
* 262148 262146 2
* 2359296 262144 262144 0 0 16385 0 0 16296
-1 1050112 525312 262144
-1 2051 1026 512 1 0 0 1
+4 5 4

fn=(320) naive_matrixTrans
10 5 0 4
-1 14 2 2 1 0 0 1
+4 2 0 1
+1 1024 0 512
+1 5242880 1835008 262144 0 262144 16385 0 0 16384
-1 1050112 525312 262144 1 0 0 1
-1 2051 1026 512 1 0 0 1
+4 3 3

fn=(272)
46 10 0 6 1 0 0 1
+1 59 2 3 4 0 0 4
+1 67 6 13 5 0 1 5 0 1
+1 67 10 13 5 0 0 5
+1 3 1 1 0 0 1 0 0 1
cfn=(274)
calls=1 -14 
* 18096888 4986055 2886565 18 14 16407 18 12 16318
+1 1 0 1
cob=(1)
cfi=(60)
cfn=(241)
calls=1 +20 
* 808 268 123 12 55 18 12 5 2
* 5 3 2 0 1
* 2 0 1
+1 5 2 1 1 2 0 1
cfn=(320)
calls=1 -42 
* 6296091 2361351 525319 3 262144 16385 3 0 16384
+1 1 0 1
cob=(3)
cfi=(73)
cfn=(308)
calls=1 -28 
* 66 13 7 0 3 1
* 1 1 0 0 1
* 2 0 1
+2 3 2
-1 8 3 1 1 1 0 1 1
cob=(1)
cfi=(60)
cfn=(241)
calls=1 +17 
* 4610 1093 676 200 87 34 198 22 15
* 5 3 2
+3 1 0 1
cob=(3)
cfi=(73)
cfn=(308)
calls=1 -32 
* 66 13 7 1
* 1 1
* 2 0 1
+1 5 2 1 0 2
cfn=(396)
calls=1 -37 
* 7058779 2743463 559175 3 17639 38477 3 0 16384
+1 1 0 1
cob=(3)
cfi=(73)
cfn=(308)
calls=1 -34 
* 66 13 7 0 3 1
* 1 1 0 0 1
* 2 0 1 1 0 0 1
+2 3 2
-1 8 3 1 0 1
cob=(3)
cfi=(79)
cfn=(326)
calls=1 -31 
* 3488 740 495 17 33 21 3
* 1 1
+4 2
+1 8 7 0 0 2

fl=(59)
fn=(258) 0x0000000000400620
0 15 3 1 3 0 0 3

fn=(232) 0x0000000000400560
0 11 1 3 2 0 0 2
cob=(1)
cfi=(60)
cfn=(240) _dl_runtime_resolve_fxsave
calls=1 71 
0 31463894 10093867 3972867 366 280071 71371 343 51 49119
0 5 3 2 2 0 0 2

fn=(252)
0 16 0 7 2 0 0 2
cob=(2)
cfi=(16)
cfn=(254)
calls=1 0 
0 6 2 0 1
0 7 1 1 0 1
cfn=(258)
calls=1 0 
0 15 3 1 3 0 0 3
0 11 7 0 1 0 0 1

fn=(410) 0x0000000000400590
0 8 2 1

fn=(406) 0x0000000000400600
0 5 1 2
cfn=(410)
calls=1 0 
0 8 2 1
0 3 2 1

ob=(1)
fl=(24) /usr/src/debug/glibc-2.17-c758a686/elf/dl-hwcaps.c
fn=(66) _dl_important_hwcaps
39 8 0 6 2 0 0 2
+2 1 1
-2 1 0 1 0 0 1 0 0 1
+3 1
-3 2 0 2
+3 1
-3 1 0 1
+2 3 1 1
+1 2 0 1
+9 1
-10 1 0 1 0 0 1 0 0 1
+10 2 0 0 1 0 0 1
+10 4 1 1 1 0 0 1
+42 1 0 0 1 0 0 1
+3 17 0 1 1 0 0 1
+1 1
-1 4 0 2 1 0 0 1
+30 2
+8 2 1 0 1 0 0 1
+2 3 2 1
+1 2 1 1
+1 2
+3 2 1 0 1 0 0 1
+7 1
-7 1 0 1
+1 1 0 1
+7 1 1
-1 1
+4 3 1
+1 1
-1 6 1 3 1 0 0 1
+1 1
+18 12 1 6 1 0 0 1
+1 4 0 2
cfi=(17) /usr/src/debug/glibc-2.17-c758a686/elf/dl-minimal.c
cfn=(40) malloc
calls=1 -89 
* 34 6 5
* 1 1
+1 1
-1 1
+1 4 3
+26 1
+3 1
-3 2 0 2
+3 1 0 0 1 0 0 1
+28 9 1 0 1 0 0 1
+1 2 0 1
-1 2 0 0 1 0 0 1
+1 6 0 3
-1 8 2
+5 6
+3 1
-3 1
+3 2
-3 1
+3 1
-3 2
+3 1
-3 1
+3 2
-3 1
+3 3
+1 12 0 0 1 0 0 1
+1 4 4
-1 4
+1 8 0 4
-2 4
+1 8
-1 14
+4 4
+3 1 1
+2 2 1 0 1 0 0 1
-1 1
-1 2
+2 10 2 0 1 0 0 1
+13 2 1 0 1 0 0 1
+1 1
-1 1 0 1
+3 2
-3 2 1
+1 1
-1 1 0 1
+3 2
+3 3 2 1
+3 9 7
-65 4 3 1 1 0 0 1
cfi=(18) /usr/src/debug////////glibc-2.17-c758a686/string/../sysdeps/x86_64/memcpy.S
cfn=(68) mempcpy
calls=1 61 
* 22 3 2 2 1 1 2 1 1
+1 2 2
-1 2 0 1
+1 1 0 1
cfi=(18)
cfn=(68)
calls=1 61 
* 22 3 2
* 4 0 3

fl=(36) /usr/src/debug////////glibc-2.17-c758a686/string/../sysdeps/x86_64/rtld-memset.S
fn=(114) memset
30 9 0 0 2 0 0 1
+1 9
+1 9
+1 2077 0 2068 0 0 33 0 0 33
+1 9
+1 9 9

fl=(22) /usr/src/debug////////glibc-2.17-c758a686/posix/../sysdeps/unix/syscall-template.S
fn=(62) uname
81 4 0 0 1 0 0 1
+1 1 1

fl=(8) /usr/src/debug/glibc-2.17-c758a686/elf/../sysdeps/unix/sysv/linux/x86_64/brk.c
fn=(14) brk
31 1 0 0 1 0 0 1
-3 1
+3 6 0 1 0 0 1 0 0 1
+8 1
-6 2 0 0 1 0 0 1
+7 1 1

fl=(17)
fn=(104) free
121 2 2 0 1 0 0 1
-2 4 0 2
+2 2
+7 4 4

fn=(36) calloc
102 8 0 0 1 0 0 1
+7 24
-3 8
+3 16
+4 8
cfn=(40)
calls=8 -20 
* 373 68 57 7 0 2 7 0 2
* 8 8 0 1 0 0 1

fn=(44) __libc_memalign
51 76 0 38 1 0 1 1 0 1
+1 93 37 0 1 0 0 1
+11 18
+1 18
-1 18
+3 18
-3 18 0 18
+3 36
-3 1
+1 1
-1 1
+3 1
-3 1 0 1
+3 66
+4 12 3 0 1 0 0 1
+1 9
+6 21 0 3
cfi=(34) /usr/src/debug/glibc-2.17-c758a686/misc/../sysdeps/unix/sysv/linux/wordsize-64/mmap.c
cfn=(110) mmap
calls=3 -45 
* 99 21 18 2 0 1 2 0 1
+2 15 6
+4 9 0 3
+3 3 0 3
+1 3 0 3
+2 15 9
-3 16 0 16
+1 16 0 16
+2 128 48 0 1 0 0 1
-31 3 1 0 1 0 0 1
+1 1
-2 3 0 1

fn=(40)
93 18
+1 36
cfn=(44)
calls=18 -43 
* 641 110 107 7 0 2 7 0 2
* 18 18

fl=(31) /usr/src/debug////////glibc-2.17-c758a686/string/../sysdeps/x86_64/rtld-strchr.S
fn=(92) index
38 5 0 0 1 0 0 1
+1 5
+1 5
+1 5
+1 3
+1 3
+3 3 3 0 0 2 0 0 2
+1 3
+1 3
-2 13 13
+1 13
+1 13
+1 16
+1 16
+1 16
+1 16
+1 16
+9 5 0 0 1 0 0 1
+1 5
+1 5
+2 10
+32 5 5 0 0 1 0 0 1
+1 5
+1 5
+1 5
+2 5
+3 5
-8 1 1
+1 1
+1 1
+1 1
+2 1
+3 1
+1 6
+1 6
+1 6
+2 6 0 0 1 0 0 1
+5 5
+1 5
+1 5
+3 5
+1 5
+1 5
+1 5
+2 5
+3 3 3
+1 3
+1 3
+1 3
+2 3
+3 3
+1 3
+1 3
+1 3 0 0 1 0 0 1
+2 3
+5 3
+1 3
+1 3
+3 3
+1 3
+1 3
+1 3
+2 3
+2 3 3
+1 3
+1 3
+1 3
+2 3
+3 3
+1 3
+1 3
+1 3
+2 3
+5 3
+1 3 0 0 1 0 0 1
+1 3
+3 3
+1 2
+1 2
+1 2
+2 2
+2 1 1
+1 1
+1 1
+1 1
+2 1
+3 1
+1 1
+1 1
+1 1
+2 1
+5 1
+1 1
+1 1
+3 1
+1 1
+1 1
+1 1
+2 1
+4 4
+1 4 4
+11 1 0 0 1 0 0 1
+1 1
+1 1
+1 1
+47 1 0 0 1 0 0 1
+1 1 1

fl=(33) /usr/src/debug/glibc-2.17-c758a686/io/../sysdeps/unix/sysv/linux/wordsize-64/fxstat.c
fn=(108) _fxstat
35 3 0 0 1 0 0 1
-1 3
+1 3
+1 18 0 0 1 0 0 1
+4 3 3

fl=(30) /usr/src/debug/glibc-2.17-c758a686/elf/dl-misc.c
fn=(90) _dl_name_match_p
304 220 0 88 1 0 1 1 0 1
+1 88 44 44 0 0 2 0 0 2
cfi=(19) /usr/src/debug////////glibc-2.17-c758a686/string/../sysdeps/x86_64/strcmp.S
cfn=(54) strcmp
calls=44 132 
* 315 134 0 0 10
* 44
+1 44
-1 44
+3 44 44
+2 88
+4 45 45
-4 90
+1 144 48 48 1 7 0 1
cfi=(19)
cfn=(54)
calls=48 132 
* 748 260 0 0 4
* 96
-5 3
+11 56 9
-1 41
+1 164 123

fn=(130) _dl_sysdep_read_whole_file
43 1 0 1 1 0 0 1
+7 1
-7 3 0 1
+7 1
-7 1 0 1
+1 1
-1 2 0 1 1 0 0 1
+7 1 0 1 0 0 1 0 0 1
cfi=(32) /usr/src/debug////////glibc-2.17-c758a686/io/../sysdeps/unix/syscall-template.S
cfn=(98) open
calls=1 +31 
* 5 1
+1 1
-1 1
+1 1
+2 4 0 1
cfi=(33)
cfn=(108)
calls=1 -18 
* 10 1
* 2
+2 1 1 0 0 1 0 0 1
+3 1
-3 1 0 1 0 0 1 0 0 1
+3 1
+13 2 0 1
cfi=(32)
cfn=(118) close
calls=1 +10 
* 5 1
+3 7 5
-14 6 0 1 1 0 0 1
cfi=(34)
cfn=(110)
calls=1 -28 
* 33 7 6
* 2

fl=(18)
fn=(68)
61 5 0 0 1 0 0 1
+4 5
+3 5
+1 5
+2 2 2 0 0 1 0 0 1
+1 2 0 2 0 0 1 0 0 1
+2 2
+1 2
+5 2
+1 2
-1 3
+1 3
+2 2 2
+1 2 0 2
+2 2
+1 2
+5 2
+1 2
-1 3
+1 3
+2 2 2
+1 2 0 2
+2 2
+1 2
+5 2
+1 2
-1 3
+1 3
+11 5 0 0 1 0 0 1
+1 8
+5 3 3 0 0 1
+1 3 3
+1 3 0 3 0 0 1 0 0 1
+1 3 0 3
+2 3
+2 3
+1 3
+2 3
+6 5
+4 5 5
+12 1 0 0 1 0 0 1
+2 1
+1 1
+26 1
+1 1
+3 1
+1 1
+1 1
+5 1 0 0 1 0 0 1
+2 1 1
+1 1 1
+1 1 1
+1 1 1
+2 1 0 1 0 0 1 0 0 1
+1 1 0 1
+1 1 0 1
+1 1 0 1
+2 1
+1 1
+2 1
+22 1 0 0 1 0 0 1
+2 1

fn=(46) memcpy
61 12 0 0 1 0 0 1
+2 12
+2 12
+3 11
+1 11
+2 4 4 0 1 0 0 1
+1 4 0 4 0 0 1 0 0 1
+2 4
+1 4
+5 4
+1 4
-1 7
+1 7
+2 2 2
+1 2 0 2 0 0 1 0 0 1
+2 2
+1 4
+5 2
+1 2
-1 9
+1 9
+2 2 2
+1 2 0 2
+2 2
+1 2
+5 2
+1 2
-1 9
+1 9
+2 3 3
+1 3 0 3
+2 3
+1 3
+5 3
+1 3
-1 8 0 0 1 0 0 1
+1 15
+5 7 7
+1 7 7
+1 7 0 7 0 0 1 0 0 1
+1 7 0 7 0 0 1 0 0 1
+2 7
+2 7
+1 7
+2 7
+8 11 11
+8 4 0 4
+6 4
+2 4
+1 4
+26 4 0 0 1 0 0 1
+1 4
+3 4
+1 4
+1 4
+5 4 0 0 1 0 0 1
+2 4 4
+1 4 4
+1 4 4
+1 4 4
+2 4 0 4 0 0 2 0 0 2
+1 4 0 4
+1 4 0 4
+1 4 0 4
+2 4
+1 4
+2 4
+22 4 0 0 1 0 0 1
+6 4 4
+1 4
+2 1 1

fl=(40) /usr/src/debug/glibc-2.17-c758a686/elf/dl-version.c
fn=(142) _dl_check_all_versions
381 6 0 4 1 0 0 1
+4 4 0 0 1 0 0 1
-2 2
+4 28 4 4
cfn=(144) _dl_check_map_versions
calls=4 174 
* 2231 698 231 19 22 13 19 21 13
-2 4 4
+2 12
-1 4 0 0 1 0 0 1
-1 8
+5 7 5

fn=(144)
174 36 0 24 2 0 0 2
+15 4 4
-15 8 0 8
+15 8
+2 4 4
+3 4 4
-3 4 0 4
+2 4 4
+1 4 0 4
+2 4
-3 4 0 4
+3 4 0 0 1 0 0 1
+3 8 4 4
+4 12 4 0 0 2 0 0 2
+17 2 2
56 2
220 2 2
56 2 2 0 1 0 0 1
220 2 2
56 10 2
+1 5 5
-1 10
+2 21 0 7
cfi=(30)
cfn=(90)
calls=7 304 
* 510 154 29
* 16
228 6 2 0 1 0 0 1
+5 16 4
+20 1
-16 38 27 2 1 1 0 1 1
cfn=(146) match_symbol
calls=1 76 
* 135 45 9 5 2 1 5 2 1
* 6 2 4
cfn=(146)
calls=2 76 
* 302 102 18 0 6 0 0 6
* 3
+8 12 3
+3 13 3 0 1 0 0 1
+9 8 4
-74 2
-8 2
+96 12 4 0 1 0 0 1
+3 6 4
+10 25
-7 100 25 0 0 6 0 0 6
+3 75 25 0 0 4 0 0 4
-3 8 2
+3 6 2
+8 4 0 0 1 0 0 1
+86 4
-86 4
+87 8 7
-81 12 0 3
cfi=(17)
cfn=(36)
calls=3 102 
* 129 21 15
* 3 3
+1 3
-2 3 0 3
+2 3
+11 3 3 0 1 0 0 1
-3 3 0 3
+3 6 3 3 0 1
+2 9 3
+3 8 6
+4 6 2
+18 1
-15 3 1
+2 3
-2 6 2 0 1 0 0 1
+2 6
+2 3
+1 3
-1 6 3
+1 3
-1 3
+1 3 0 3 0 0 2 0 0 2
+1 3 3
-2 3 0 3
+2 6 0 3 0 0 1 0 0 1
+1 9 3 3 1 0 0 1
+3 9 3
+8 6 2
+10 9 3
+3 8 6
+20 25
-14 25 25
-2 25 25
+2 27 2
-2 2 2
+2 2
+4 25 25
+2 25 25
-1 50 25
+1 25
-1 75 0 25 0 0 6 0 0 6
+1 25 0 25
+1 25 0 25 0 0 3 0 0 3
+3 81 27
+10 3 0 0 1 0 0 1
-1 3
+1 21 21 0 1 0 0 1

fn=(146)
76 33 0 18 1 0 0 1
+9 3 3 0 1 0 0 1
-8 3 3
-1 6 0 6 0 0 1 0 0 1
+1 3 3
+8 3
+6 9 3
+18 6 6
+5 6 3 0 0 2 0 0 2
+14 20 10
+12 21 7 0 1 0 0 1
+4 7
-30 14 7 0 0 1 0 0 1
+16 3 3 0 1 1 0 1 1
+3 12 3 3 1 0 0 1
cfi=(19)
cfn=(54)
calls=3 -1 
* 258 75 0 0 4 0 0 4
* 6
+35 24 21

fl=(28) /usr/src/debug/glibc-2.17-c758a686/elf/dl-error.c
fn=(80) _dl_catch_error
159 21 0 18 2 0 2 2 0 2
+9 3 0 3 0 0 2 0 0 2
+2 3 3 3 0 0 1 0 0 1
cfi=(2) /usr/src/debug/glibc-2.17-c758a686/elf/rtld.c
cfn=(82) _dl_initial_error_catch_tsd
calls=3 747 
* 6 3
* 3 0 3
+1 3 3
+2 6
-2 3 0 3
+2 3 0 3
cfi=(29) /usr/src/debug////////glibc-2.17-c758a686/setjmp/../sysdeps/x86_64/setjmp.S
cfn=(84) __sigsetjmp
calls=3 26 
* 60 15 24 2 0 1 2 0 1
+1 6
+2 6 3 0 1 0 0 1
+1 6 6
-1 3 0 3
+1 3 0 3
cfi=(37) /usr/src/debug/glibc-2.17-c758a686/elf/dl-deps.c
cfn=(126) openaux
calls=2 60 
* 6446 927 2289 52 45 63 52 45 63
cfi=(2)
cfn=(86) map_doit
calls=1 579 
* 2665 534 294 100 20 33 100 20 33
+1 3 3
+4 3
-4 3 0 3
+1 6 3 3
+1 6 3 3
+1 6 3 3
+10 12 6 0 1 0 0 1

fn=(138) _dl_receive_error
197 10 0 6 1 0 0 1
+1 1 1 1
cfi=(2)
cfn=(82)
calls=1 747 
* 2 1
+5 1 1
-1 1 1
-4 1
+9 1 0 1 1 0 0 1
+2 1
-3 1 0 1
+3 1 0 1
cfi=(2)
cfn=(140) version_check_doit
calls=1 611 
* 2316 715 241 23 22 13 23 21 13
+2 1 0 1
+1 1 0 1
+1 8 7

fl=(14) /usr/src/debug/glibc-2.17-c758a686/string/../string/memcmp.c
fn=(30) bcmp
309 12 0 12 1 0 0 1
+3 12
-3 60 0 60 0 0 2 0 0 2
+4 12
-4 12
+7 24
+4 12
+2 1 1 0 0 1 0 0 1
+1 1 1
+1 1
+1 1
+2 2
-5 4 4
+1 4 4
+1 4
+1 4
+2 8
+2 5
-9 15
+16 4 0 0 1 0 0 1
+1 8
-1 8
129 14 0 0 1 0 0 1
-15 6 0 0 1 0 0 1
340 4
+4 2
+2 2
-2 4
+1 2
+5 20 0 0 1 0 0 1
+2 9 9 0 0 2 0 0 2
+1 9 9 0 0 5 0 0 5
+1 9
+3 97
-3 55
-2 55 55
+1 55 55
+4 110
-7 124
+12 8
+1 96 84 0 1 0 0 1
225 2
-7 2
+1 2
+4 2
+2 2
-6 2
+4 2
+2 7 0 0 1 0 0 1
-92 2 2 0 1 2 0 1 2
+1 2 2
+1 2
+1 2
+1 2
+48 2
-2 2 2 0 0 1 0 0 1
+1 2 2
+1 14 0 4 0 0 2 0 0 2
-77 2 2 0 1 0 0 1
+1 4 2
+4 4
-5 8 8
+1 16 8
+4 18
231 1 1
+2 1
-4 1 1 0 0 1 0 0 1
+1 1 1
+4 1
-2 1
+56 2
-2 1 1
+2 2
-1 1 1
+1 2 0 0 1 0 0 1
+1 2
-31 1 0 0 1 0 0 1
-6 1 1
+1 1 1 0 1 0 0 1
+1 1 1
+4 1
+43 12 0 0 1 0 0 1
+1 4
-6 2 0 0 1 0 0 1

fl=(61) /usr/src/debug/glibc-2.17-c758a686/elf/../elf/dl-runtime.c
fn=(242) _dl_fixup
66 14 0 7 1 0 0 1
+6 14
-6 7
+3 7 7 0 0 3
-1 7 7 0 0 2
+1 7 7 0 0 2
+3 7 7 0 1 3 0 1
+1 7 7 0 0 3
-1 14 7 0 0 3
+1 21 7 0 0 3
+1 7 7 0 0 2
-1 7 0 7
+1 14 7
+9 14 7 0 0 3 0 0 1
+4 21 7 0 0 3
+4 12 12 0 1 4 0 1
+1 24 6 0 0 2
+2 24 6 0 0 3
+7 21 7 0 0 2
-1 7 0 0 1 0 0 1
+11 63 14 21 0 3 3 0 0 1
cfi=(6) /usr/src/debug/glibc-2.17-c758a686/elf/dl-lookup.c
cfn=(160) _dl_lookup_symbol_x
calls=7 716 
* 4628 1405 564 3 110 39 0 25 19
* 7
+4 21 7
+10 42 14 0 1 0 0 1
+16 7 7
-8 7 7
+8 21
+4 21 7 0 0 3
fi=(5) /usr/src/debug/glibc-2.17-c758a686/elf/../sysdeps/x86_64/dl-machine.h
+88 7 0 7
fe=(61)
-84 21 14
-64 2
fi=(68) /usr/src/debug/glibc-2.17-c758a686/elf/../sysdeps/x86_64/dl-irel.h
-53 1 0 1 1 0 0 1
cob=(3)
cfi=(43)
cfn=(168)
calls=1 +4 
* 22 4 5
* 1
fe=(61)

fl=(10) /usr/src/debug////////glibc-2.17-c758a686/string/../sysdeps/x86_64/rtld-strlen.S
fn=(20) strlen
26 10 0 0 1 0 0 1
+1 10
+1 10
+1 10
+2 5
+1 5
+2 5 5 0 0 1 0 0 1
+1 5
-1 16 16
+1 16
+1 20
+1 20
+1 20
+2 18
+5 9 9 0 0 1 0 0 1
+1 9
+1 9
+1 9
+3 9
-6 3 3
+1 3
+1 3
+1 3
+3 3
+1 11 0 0 1 0 0 1
+1 11
+1 11
+2 11
+3 9 9
+1 9
+1 9
+1 9
+3 9
+1 9
+1 9
+1 9
+2 9
+3 8 8
+1 8
+1 8
+1 8
+3 8
+1 3
+1 3
+1 3
+2 3
+3 3 3
+1 3
+1 3
+1 3
+3 3
+1 3
+1 3
+1 3
+2 3
+3 9 0 0 1 0 0 1
+2 9
+1 9
+1 7
+2 7
+1 7
+1 7
+2 7
+1 7
+1 5
+2 5 0 0 1 0 0 1
+1 5
+1 1
+2 1
+2 1
+1 1
+1 1
+2 1
+1 1
+7 10
+1 10 10

fl=(25) /usr/src/debug/glibc-2.17-c758a686/elf/dl-debug.c
fn=(74) _dl_debug_state
75 2 2 0 1 0 0 1

fn=(70) _dl_debug_initialize
51 8 0 0 1 0 0 1
+5 6
+5 2
-1 1 0 1
+1 2 1
+1 2 0 1
-1 2 1 1
-9 4 4 0 1 0 0 1
+4 8 4 0 0 2 0 0 1
+4 1
-1 1 0 1
+1 4 3 0 1 0 0 1

fl=(7) /usr/src/debug/glibc-2.17-c758a686/elf/../elf/dl-sysdep.c
fn=(186) _dl_sysdep_start_cleanup
251 1 1 0 1 0 0 1

fn=(12) _dl_sysdep_start
86 7 0 6 1 0 0 1
+25 1 1
-1 1 0 1
+1 1
-25 1 0 1 0 0 1 0 0 1
+25 84 26 3 1 4 2 1 4 2
+6 1 1
-3 1
+1 1 0 1 0 0 1 0 0 1
-4 1 0 1 1 0 1 1 0 1
+3 1 0 1
+3 4 2
+1 6 4 0 1 0 0 1
-1 3 2
-29 1
-1 2
+31 108 17 0 0 3 0 0 3
-1 86 19 10 2 1 0 2 1
fi=(21) /usr/src/debug/glibc-2.17-c758a686/elf/../sysdeps/unix/sysv/linux/dl-sysdep.c
-82 2 0 1
cfi=(8)
cfn=(14)
calls=1 -4 
* 12 1 1 2 0 1 2 0 1
fi=(5)
221 5 2 0 0 1 0 0 1
+4 1 0 1
cfi=(9) /usr/src/debug/glibc-2.17-c758a686/elf/../sysdeps/x86/cpu-features.c
cfn=(18) init_cpu_features.constprop.0
calls=1 39 
* 81 11 20 9 2 1 9 2 1
fe=(7)
+1 3 1 0 1 0 0 1
+1 1 0 1
cfi=(10)
cfn=(20)
calls=1 26 
* 39 3 0 3 0 0 3
* 1 0 1
+2 2 0 1
cfi=(11) /usr/src/debug/glibc-2.17-c758a686/elf/../misc/sbrk.c
cfn=(22) sbrk
calls=1 34 
* 17 5 2 2 0 0 2
* 3
+12 3 1
+3 6 2 1
cfi=(2)
cfn=(24) dl_main
calls=1 875 
* 90567 23762 12578 500 1115 470 498 982 451
+2 9 8 0 1 1
-67 1 1 0 1 0 0 1
+1 1
-29 1 1 0 0 1 0 0 1
+1 1
+11 1 1
+1 1
-7 1 1 0 1 0 0 1
+1 1 0 0 1 0 0 1
-4 1 1 0 0 1 0 0 1
+1 1
-25 1 1
+1 1
-4 1 1 0 0 1 0 0 1
+1 1
-7 1 1
+1 1 0 0 1 0 0 1
+2 1 1 0 0 1 0 0 1
+1 1

fl=(21)
fn=(60) _dl_discover_osversion
45 7 0 6 1 0 0 1
+2 3 1
+85 8 7
-45 3 0 1 1 0 1 1 0 1
cfi=(22)
cfn=(62)
calls=1 -6 
* 5 1 0 1 0 0 1
* 1
+15 1 0 0 1 0 0 1
-15 1
+20 1
-1 1
+3 12 3 0 0 1 0 0 1
+4 3 3
-2 6
+2 10
+2 1
+1 2
-3 4 1
+7 3 0 0 1 0 0 1
-1 3
+4 3
-2 3
+2 10
+5 2

fl=(23) /usr/src/debug/glibc-2.17-c758a686/elf/dl-load.c
fn=(64) _dl_init_paths
739 1 0 1 1 0 0 1
+13 2
-13 8 0 5
+13 3 2 1 1 0 0 1
cfi=(24)
cfn=(66)
calls=1 39 
* 346 55 60 21 1 3 21 1 3
+5 1
-5 1 0 1
+5 1 0 1
cfi=(17)
cfn=(40)
calls=1 93 
* 34 6 5
* 1 1
+1 1
-1 1
-1 1 0 1
+2 1
+8 1 1
-1 1
+1 1 0 0 1 0 0 1
-1 4
+5 4 0 1
cfi=(17)
cfn=(40)
calls=1 93 
* 34 6 5
* 1 1
+2 1
-2 1
-1 1 0 1
+3 1
+7 1 0 1
+10 1
+9 1 0 0 1 0 0 1
-20 1 0 1
+12 1 0 1 0 0 1 0 0 1
-1 1 0 1
+3 1
+1 1 0 1
-1 1 0 1
+6 9 0 0 1 0 0 1
+1 10 0 2
+2 2 0 0 1 0 0 1
-12 1
+12 1 0 1
-14 1 0 1
+2 1 0 1 0 0 1 0 0 1
+3 1
-2 1 0 1
+3 1 0 1
-1 8 0 1 1 0 0 1
+1 3
+6 11 0 4 1 0 1 1 0 1
-1 2
+14 1 1 0 1 0 0 1
-11 1 0 1
+6 1 0 1 1 0 1 1 0 1
+1 1 0 1
+5 2
+4 3 1
+38 2 0 0 1 0 0 1
+31 1 0 1
+1 8 7 0 1 0 0 1
-51 1 1 0 1 0 0 1
-2 1 0 1
+2 2
+14 2 0 1 1 0 0 1
-52 2 0 0 1 0 0 1

fn=(124) _dl_dst_count
282 2 0 2 1 0 0 1
+3 2
-3 8 0 6
+3 2 0 2
cfi=(31)
cfn=(92)
calls=2 38 
* 170 15 0 0 3 0 0 3
+3 2
-3 2
+3 2
+1 2
+19 12 10

fn=(88) _dl_map_object
2131 3 0 3 1 0 0 1
+12 6
-12 3 0 3
+12 3
-12 27 0 12 1 0 1 1 0 1
+12 3 3
-12 6 0 6 0 0 2 0 0 2
+12 6
+12 12 6
-12 18 6
+5 21 7 0 1 0 0 1
+1 14
+2 21 0 7 0 0 3 0 0 3
cfi=(30)
cfn=(90)
calls=7 304 
* 492 151 31 2 0 2 2 0 2
* 15
2437 24 21
2178 4 2
+11 8 2 0 1 0 0 1
-56 4 0 2
+92 4
-2 2 0 2 0 0 2 0 0 2
+2 2 0 2
cfi=(31)
cfn=(92)
calls=2 38 
* 112 11 0 5 0 0 5
* 4
2368 5 0 1 1 0 0 1
cfn=(94) expand_dynamic_string_token
calls=1 434 
* 331 38 22 5 0 1 5 0 1
+1 1
-3 1 0 1
+4 1
-1 2
+4 7 0 2
cfn=(96) open_verify
calls=1 1690 
* 460 106 41 20 9 3 20 9 3
+3 1 0 0 1 0 0 1
-3 1
+3 1
+12 6
+2 4
+44 2 2
+1 14 4 4 1 0 0 1
-1 2 0 2
+1 10 2 6
cfn=(106) _dl_map_object_from_fd
calls=2 925 
* 5033 626 2278 62 24 74 62 24 74
* 2
2229 2 0 1 1 0 0 1
cfi=(10)
cfn=(20)
calls=1 26 
* 63 9
* 1
+2 1 1
-2 1 0 1 1 0 0 1
+2 1
+7 4 1
+35 2 1
+7 6 0 2 1 0 0 1
716 1 1
2281 1
716 2
2360 2 1 0 1 0 0 1
-98 4 3 0 1 0 0 1
+11 3
+10 2 1 1 1 0 0 1
+6 2
+2 3 1
+4 2 0 1 1 0 0 1
cfi=(38) /usr/src/debug/glibc-2.17-c758a686/elf/dl-cache.c
cfn=(128) _dl_load_cache_lookup
calls=1 185 
* 1523 260 76 28 22 6 28 22 6
+2 1
-2 1
+2 1
+5 3 1
+8 2 1
+28 11 1 3 1 0 0 1
cfn=(96)
calls=1 1690 
* 632 144 55 5 10 1 5 10 1
+4 1
-4 1
+4 2 1
+1 2 0 1
-80 7 2 0 1 0 0 1
716 1 1
2264 1
716 2 0 0 1 0 0 1
2242 3 1 2 1 0 0 1
+1 2 0 1
-1 1 0 1
+8 7 0 2 1 0 0 1
-3 3 1
716 1 1 0 1 0 0 1
2248 1
716 2 0 0 1 0 0 1
2156 18 6 0 1 0 0 1
+3 2 2
+2 2
-1 4 4
+1 2 0 2
cfi=(19)
cfn=(54)
calls=2 132 
* 21 8
* 4

fn=(96)
1690 28 2 18 2 0 0 2
+36 6 2
+21 8 2 2 0 0 1 0 0 1
cfi=(32)
cfn=(98)
calls=2 81 
* 10 2 0 1 0 0 1
+1 2
-1 2 0 2
+1 2
+11 2 0 2
+1 4 0 2 1 0 0 1
+5 12 2 2
cfi=(32)
cfn=(100) read
calls=2 81 
* 10 2 0 1 0 0 1
+2 4
+2 2 2
+2 2
-2 2 0 2
+2 2
-2 2
+8 4
+16 10 0 2 1 0 0 1
cfi=(14)
cfn=(30)
calls=2 309 
* 173 46 12 0 2 1 0 2 1
* 4
+2 2 2
-2 4
+4 8 0 2
cfi=(14)
cfn=(30)
calls=2 309 
* 160 42 12
-4 4 0 0 1 0 0 1
+60 4 2 0 0 1 0 0 1
+5 4 2
+2 2 2
+1 6
+5 4
+11 4 2 0 1 0 0 1
+7 10 2
+1 8 2
+1 2
+15 8
1753 4 0 2 1 0 0 1
1901 96
+1 36 17 0 1 11 0 1 11
+4 6 4
+1 2
-1 2
+29 2 2 0 1 0 0 1
+1 2 2
+2 2
-3 2
+1 2
-1 2
+1 2
-2 2
+4 4
+5 1
+1 1
-13 4 0 1
cfi=(14)
cfn=(30)
calls=1 309 
* 73 12 6 2 1 0 2 1
* 8 0 2 1 0 0 1
cfi=(14)
cfn=(30)
calls=2 309 
* 160 42 16 5 3 2 5 3 2
* 6
+16 2
+6 1 1
-3 1 1
+1 1 1
+1 1 1
+1 2
+11 4 2 2 1 0 0 1
cfi=(17)
cfn=(104)
calls=2 121 
* 12 6 2 1 0 0 1
* 2 2
* 2 2
+4 18 15 0 1 0 0 1
-14 3 1 0 1 0 0 1
-4 1
+1 1
+1 1
-1 3
-1 1
+4 2
1793 4 0 1 2 0 0 2
cfi=(14)
cfn=(30)
calls=1 309 
* 88 23 6 0 1 0 0 1
* 2

fn=(106)
925 22 0 14 1 0 1 1 0 1
+11 2 2
-11 2 0 2
+11 2
-11 6 0 6 1 0 0 1
+11 2 0 2 0 0 2 0 0 2
cfi=(25)
cfn=(70)
calls=2 51 
* 16 6 0 1 0 0 1
+4 6
-4 2 0 2
+4 2 0 2
cfi=(33)
cfn=(108)
calls=2 35 
* 20 2 0 2 0 0 2
* 4
+11 14 4 0 1 0 0 1
+1 6 4
-1 15 5
+1 20 10 0 1 1 0 1 1
476 2 0 0 1 0 0 1
1642 16 14
969 4 2 0 1 0 0 1
+25 4 2
+10 4 2
+22 2 2
-89 2 0 2
+89 6 2 0 1 0 0 1
+35 14 10 2
cfi=(15) /usr/src/debug/glibc-2.17-c758a686/elf/dl-object.c
cfn=(32) _dl_new_object
calls=2 62 
* 1037 179 114 8 2 16 8 2 16
+1 2
-1 2
+1 2
+11 4 4
+5 2 2
-5 2 0 2 1 0 2 1 0 2
+1 4 2 2
+1 2 2
+2 2
-2 2 0 2
+2 8
+1 6 2 0 1 0 0 1
+1 2
+24 38 0 4 1 0 1 1 0 1
+8 2
-8 4 0 4
+8 2
-8 6 2 2 1 0 0 1
+8 2
+99 2 2
1104 2
1210 2
1105 2
-11 2 0 2
1210 4 0 2
+8 8 0 0 1 0 0 1
1112 32
-1 136
+1 100 17 0 1 1 0 1 1
+6 4 2 2
+1 6 2 2 1 0 0 1
+1 2
+9 20 8 0 1 0 0 1
+6 8 8
+1 4 0 0 1 0 0 1
-1 16
+7 16 8
+11 4
+2 4
-1 4
+4 4 4
-5 4
+1 4
-1 8 4 0 1 0 0 1
+2 4
-1 4
+2 4
+3 4
+4 4
-9 4 0 4 0 0 2 0 0 2
+2 4 0 4 0 0 1 0 0 1
+1 4 0 4
+1 4 0 4
+1 4 0 4
+4 4
+1 6 2
+5 4 2
-16 2
+16 10 0 2
+10 2
-10 4 2 0 1 0 0 1
-16 2
+16 10 0 2
+10 2
+3 3 1
+5 1 1 0 0 1 0 0 1
-1 1 0 1 0 0 1 0 0 1
+3 1
-1 1
-1 1 0 1 1 0 1 1 0 1
+1 1
+3 3 1 1
+1 2 1 1
+3 2 1 1
+4 4 1
+6 1 0 1 0 0 1 0 0 1
cfi=(26) /usr/src/debug/glibc-2.17-c758a686/elf/../elf/dl-tls.c
cfn=(136) _dl_next_tls_modid
calls=1 52 
* 6 3 1 2 0 0 2
* 2 1 1
+1 1
+60 4 2 2 1 0 0 1
+1 6 4 2
+1 2
-6 4 2 2 1 0 0 1
+1 2
1123 2 1 1
+1 5
1271 6 0 0 1 0 0 1
+13 16 8 4
+2 4 2 0 1 0 0 1
+14 2 2
+5 12 8 2 0 0 1 0 0 1
cfi=(34)
cfn=(110)
calls=2 32 
* 70 16 12 1 0 2 1 0 2
+4 2
-4 2 0 2 1 0 0 1
+4 2
+7 2 2
+1 2 2
-1 2
+1 2 2
+2 2
-3 2 0 2
+1 2 0 2
+2 2
+10 2 0 2 1 0 0 1
+2 2 2
+33 12 4
+1 6 4 2
+2 8 4
+8 16 8
+6 2 2
+2 2 2 0 1 0 0 1
-2 2
+1 2
+2 2
-1 2
+1 2
-1 6
+8 4
+3 4
+11 14 0 6
cfi=(36)
cfn=(114)
calls=2 30 
* 1908 2 1896 1 0 31 1 0 31
+1 10 6
+5 4
+15 4 0 0 1 0 0 1
-74 20 4 0 1 0 0 1
+2 8 4
+2 16 8 2
cfi=(34)
cfn=(110)
calls=2 32 
* 62 14 12
* 4 0 0 1 0 0 1
1074 2 2
1430 8 4
+9 4 2
fi=(3) /usr/src/debug/glibc-2.17-c758a686/elf/get-dynamic-info.h
38 2
fe=(23)
1439 2 0 2 1 0 0 1
fi=(3)
38 2
+6 2 2 0 0 2 0 0 2
-2 2
+2 4
+7 2
+5 2
+3 2
-1 2
-3 2
-3 40 0 9 1 0 5 1 0 5
+10 9
-18 27 9 0 0 3 0 0 3
+8 35 0 35 0 0 7 0 0 7
+10 35
-18 105 35 0 0 9 0 0 9
+18 2
-18 6 2
+2 92
+5 44
+2 8 0 0 1 0 0 1
+16 4
+20 7 2 1
+1 8 2 2
+1 8 2 2 1 0 0 1
+1 8 2 2
+2 8 2 2
+5 8 2 2
+1 7 2 1 0 1 0 0 1
+1 8 2 2 1 0 0 1
+35 6 2
+5 1 1
+2 1
-2 1 0 1
+2 1
+2 2
+2 2
+1 1 0 1
+2 6 2 0 1 0 0 1
+10 2 2
-8 4 2 2
+9 4
-1 2
+5 4 0 0 1 0 0 1
+1 2 1 1
+2 4 2
fe=(23)
1445 4
+16 6 2 0 1 0 0 1
+19 4 2 2
+2 10 4
+51 6 2 0 0 1 0 0 1
+1 2 1 1
+3 2 1 1
cfi=(32)
cfn=(118)
calls=1 81 
* 5 1
* 2 1 1 1 0 0 1
cfi=(32)
cfn=(118)
calls=1 81 
* 5 1
* 4
+8 10 2
+3 6 4
+2 2 2 0 1 0 0 1
-2 2 0 2
+2 2
+16 4 0 2
cfi=(6)
cfn=(10) _dl_setup_hash
calls=2 865 
* 46 14 12 0 3 0 0 3
+4 4 2
+1 4 2
+17 4 2
+1 1 0 1
+3 1 1 0 1 0 0 1
+6 1 1
-6 1 0 1
+1 2 1 1
+5 1
-6 1 1
+6 1 1
-6 1 0 1
+1 2 1 1
+5 1
+10 4 2
+10 6 2 2 1 0 0 1
cfi=(15)
cfn=(48) _dl_add_to_namespace_list
calls=2 33 
* 84 21 20
+4 6 2
fi=(3)
56 8 0 0 1 0 0 1
fe=(23)
1326 2 2 0 1 0 0 1
-1 10 2 2
cfi=(35) /usr/src/debug////////glibc-2.17-c758a686/misc/../sysdeps/unix/syscall-template.S
cfn=(112) mprotect
calls=2 81 
* 10 2 0 1 0 0 1
* 2
fi=(3)
59 8
+1 2
+1 8 0 2
fe=(23)
1368 5 3 0 1 0 0 1
+2 1 1
-1 3 2
+1 2 0 0 1 0 0 1
-1 1
+1 2
-1 2
+3 4 0 1
+43 8 1 1
cfi=(34)
cfn=(110)
calls=1 32 
* 31 7 6
+3 2
1545 4 0 0 1 0 0 1

fn=(94)
434 8 0 6 1 0 0 1
285 2
434 1
285 1 0 1
cfi=(31)
cfn=(92)
calls=1 38 
* 133 8 0 2 0 0 2
+3 1
-3 1
+3 1
161 2 0 1 1 0 0 1
cfi=(10)
cfn=(20)
calls=1 26 
* 79 8 0 1 0 0 1
* 1
+1 2 0 1
cfi=(17)
cfn=(40)
calls=1 -69 
* 34 6 5
* 1 1
+2 2
459 1
167 2
459 6 6
167 2
cfi=(18)
cfn=(46)
calls=1 61 
* 51 9 8 0 0 1 0 0 1

fl=(1) ???
fn=(0) 0x0000000000001140
0 2 0 1 1 0 1 1 0 1
cfi=(2)
cfn=(2) _dl_start
calls=1 430 
0 91789 24017 12703 547 1157 497 543 1021 477
0 14 3 2 1 2
cfi=(49) /usr/src/debug/glibc-2.17-c758a686/elf/dl-init.c
cfn=(194) _dl_init
calls=1 90 
0 3078 713 344 54 23 9 53 8 7
0 3
cob=(5)
cfi=(59)
cfn=(232)
calls=1 0 
0 31463910 10093871 3972872 370 280071 71371 347 51 49119

fl=(6)
fn=(162) do_lookup_x
82 900 0 600 2 0 1 2 0 1
+1 100 100 0 0 2
-6 100 100
+5 300 200 100 0 0 5 0 0 3
-5 700 200 500 1 0 4 1 0 1
+11 100
+1 100 100
233 100
-3 100
+3 100
-3 300 0 100 0 0 1 0 0 1
98 100 100 0 0 4
-3 100 0 100
+1 100 0 100 1 0 0 1
+2 100 100 0 0 1
+3 100
-3 100 0 100
+3 100
-3 215 215 0 0 1
-3 215 0 215
+1 215 0 215
+2 215 215 0 0 7
+3 215
-3 215 0 215
+3 215
+4 630 315
+4 630 315 0 0 10
+4 630 315 0 1 2 0 1
+7 945 315 0 0 7
+4 630 630 0 0 19
+1 945 630 315 0 11
226 315 315
+1 630
+4 630 315 0 1 0 0 1
-2 315 315 0 0 46 0 0 33
+5 1260 315
+4 630
-1 630
+1 315
-1 630
+21 221 0 221
+24 442 221
462 1242 414 0 1 0 0 1
+1 150 30 120 0 0 3 0 0 1
cfi=(30)
cfn=(90)
calls=30 304 
* 1272 402 120 0 21 1 0 0 1
* 180 90
+3 663 0 0 1 0 0 1
+3 12
287 696 94
+4 230 14 94 1 1 0 1
+13 94 94
+1 94 94
-1 94 0 94
+1 94 0 94
+1 94 0 0 1 0 0 1
470 800 700
241 400 0 0 1 0 0 1
-1 200 200 0 1 48 0 1 46
+2 200
+2 300 100
+10 300
-7 970 194 0 0 67 0 0 64
+2 188 94 0 1 0 0 1
+1 376 94 282
-1 564 94 188
+1 282 0 94 0 0 1 0 0 1
cfn=(164) check_match.9525
calls=94 132 
* 14429 4796 582 5 59 5 5 29 3
+1 470 282 0 1 0 0 1

fn=(10)
865 12 4 0 1 0 0 1
+4 4 4
+4 8 4 4 0 4 0 0 4
+2 4 4 0 0 1 0 0 1
-1 4 4
+4 4 0 0 1 0 0 1
+4 4
-4 4 0 4
+1 8 4
+2 4 0 4
-2 4 0 4
+3 4
+2 4 0 4
+1 4
+1 16 0 4
+1 4 4

fn=(164)
132 658 0 376 1 0 0 1
+1 188 94 0 0 13 0 0 8
+2 188 94 0 1 8 0 1 8
+2 282 94
-2 188 94
+12 282 94 94 0 0 5 0 0 3
+3 268 154 20
cfi=(19)
cfn=(54)
calls=20 -18 
* 1545 450 0 0 11 0 0 8
* 40
+5 94 94 0 1 0 0 1
-1 94 94
+1 94
-1 94 94 0 0 4
+1 94
+2 184
+19 184 184 0 0 8 0 0 5
+1 736 276 0 1 5 0 1
+46 564 470
-18 4
+2 4 4 0 0 1
+1 8 2
-1 4
+1 2
-1 4
-29 276 184 92 1 3 0 1
cfi=(19)
cfn=(54)
calls=92 -46 
* 7982 2320 0 0 6
* 368

fn=(160)
716 1200 0 600 2 0 5 1 0 2
477 100 100 0 0 75 0 0 71
716 200 0 200 0 0 6 0 0 3
477 300
-1 200 0 0 2 0 0 1
+2 100
-1 100
+1 300
-1 300 100
+1 1206
-1 1206
+1 3618
-1 3818 1206 100 0 20 0 0 20
718 100
+4 100 0 100 0 0 4
+9 100 100
-13 100 0 100 1 0 4 1 0 1
+15 100 100
-14 200 0 200
+14 100 100 0 0 6
-2 100
+6 800 0 200 1 0 0 1
+2 1300 600 700 2 0 9 1 0 3
cfn=(162)
calls=100 82 
* 39927 13117 4449 19 306 21 19 172 12
+3 200
+3 6
-8 24 6
-7 200 0 100 1 0 0 1
+40 200 100
+24 94 94
+1 658 188
+26 94
+9 470 94 0 1 0 0 1
+14 282 94 0 0 4
+3 376 188
+5 94 0 94
+2 800 700 0 1 0 0 1
-82 42 12 0 1 0 0 1
+18 6 0 6 1 0 0 1
+1 12
+54 2 0 1 1 0 0 1

fl=(15)
fn=(48)
33 6 0 3 1 0 0 1
+2 3
-2 9 0 3 1 0 0 1
+2 3 3 3
cfi=(2)
cfn=(50) rtld_lock_default_lock_recursive
calls=3 787 
* 6 3 3 1 0 1 1 0 1
+2 22 3
+4 3
-1 15 5
+2 2 0 2
+2 2 0 2
+4 2
+4 2
-4 4 0 2
+1 4 2 2
+1 4 0 2
+2 2 2
+1 6 4
-1 2
cfi=(2)
cfn=(52) rtld_lock_default_unlock_recursive
calls=2 793 
* 4 2 2
-4 1
+4 1
-4 2 0 1
+1 2 1 1
+1 2 0 1
+2 1 1
+1 3 2
-1 1
cfi=(2)
cfn=(52)
calls=1 793 
* 2 1 1
-5 2 0 1 1 0 0 1

fn=(32)
62 33 0 21 1 0 1 1 0 1
+1 3
-1 6 0 6
+1 3 0 3
cfi=(10)
cfn=(20)
calls=3 -37 
* 152 19 0 0 1 0 0 1
+6 3 3
-6 9
+6 33 3 0 1 0 0 1
+7 12 0 6
cfi=(17)
cfn=(36)
calls=3 +26 
* 182 31 24 9 0 2 9 0 2
* 3 3 0 1 0 0 1
+3 3 0 0 1 0 0 1
-3 3
+3 3
+4 3
+5 3 3
-6 3 0 3 0 0 2 0 0 2
+6 3
-5 3 0 3 0 0 3 0 0 3
+5 3
-1 6 0 3 0 0 2 0 0 2
+1 3 0 3
cfi=(18)
cfn=(46)
calls=3 -27 
* 92 14 11 3 0 3 3 0 3
* 3 0 3 0 0 1 0 0 1
+4 3 3
-2 3 0 3 1 0 0 1
+3 3 3
-1 3 0 3
+1 12 3 0 0 3 0 0 3
+3 3 3
-3 3 0 3
+3 3
+9 3
-7 3 0 3
+4 3 0 3 1 0 0 1
+3 8
+2 2 0 1 0 0 1 0 0 1
-2 2
+2 30 0 15 0 0 4 0 0 4
-2 30
+12 3
+6 3
-5 3 0 3 1 0 3 1 0 3
-1 3 0 3 0 0 1 0 0 1
+6 9 3 0 0 1 0 0 1
-2 3
+2 6
+2 6 0 2 0 0 1 0 0 1
+3 7
+4 6 2
+4 6
+2 1 0 0 1 0 0 1
+6 1 0 1 0 0 1 0 0 1
+3 2 0 1
+3 5 2 0 1 0 0 1
-3 4 0 2
+3 10 4
+2 2 2
+4 2
-4 2 0 2
cfi=(10)
cfn=(20)
calls=2 26 
* 113 12
* 4
+4 2
-4 2 0 2
+4 6
+64 4 0 2
+4 24 21 0 1 0 0 1
-88 6 2
-39 7 0 3 1 0 3 1 0 3
+39 3
+70 6 4 2 1 0 0 1
cfi=(18)
cfn=(68)
calls=2 61 
* 76 12 10 3 0 1 3 0 1
* 2
+5 40
+1 40 40
-1 40
+1 42 2
-1 2
+1 6
+5 4 0 2
-57 4 0 2 1 0 0 1
cfi=(17)
cfn=(40)
calls=2 -67 
* 68 12 10
* 2 2
+1 2
-1 2
+1 6

fl=(26)
fn=(72) _dl_count_modids
111 2 1 0 1 0 0 1
+1 2 2 0 1 0 0 1

fn=(184) _dl_allocate_tls_init
443 7 0 6 1 0 0 1
+1 1
-1 1 0 1
+1 1
+4 1 1 0 0 1
+6 2 2 0 0 1
-6 2 0 1 1 0 0 1
+6 2
+12 1 1
-15 1
-1 2
+21 6 1
+6 12 0 0 1 0 0 1
+3 1 1
+1 2
+7 1 1
+2 1 1 0 1 0 0 1
-2 2
+2 3 1 1
+1 1 0 1
+3 2 1
-1 2
+18 1 1
-2 1 1
-8 1 1
+8 2 1 0 1 0 0 1
-8 1
+8 1 0 1
cfi=(18)
cfn=(68)
calls=1 61 
* 23 3 2 0 1 1 0 0 1
* 4 0 1
cfi=(36)
cfn=(114)
calls=1 30 
* 150 1 144 0 0 2 0 0 2
* 2 2
-38 3
+52 2 1 1 1 0 0 1
+2 1 1
+1 8 7

fn=(152) _dl_allocate_tls_storage
349 1 0 1 1 0 0 1
+13 1 1
-13 2 0 2
+2 1 1
+11 2 0 1
cfi=(17)
cfn=(44)
calls=1 51 
* 78 15 13
* 1 1
+1 1
-1 1
+1 1
+7 1
+4 306 0 288 1 0 36 1 0 36
-58 1 1 0 1 0 0 1
+1 1
-1 1
+1 2 0 1
cfi=(17)
cfn=(36)
calls=1 102 
* 43 7 5
* 1 1
+1 2
+9 1
-6 1 0 1 0 0 1 0 0 1
+6 1 0 1
+64 5 4

fn=(182) _dl_add_to_slotinfo
879 6 0 4 1 0 0 1
+6 1 1 0 1 0 0 1
+3 2 1 0 0 1
+5 5 1 0 0 1
+41 1 0 1
+1 3 1 1 1 1 0 1
+1 6 5

fn=(136)
52 3 2 0 1 0 0 1
+48 2 0 1 1 0 0 1
+4 1 1

fn=(150) _dl_determine_tlsoffset
144 1 1
+34 1 1
-34 1
+34 2
-45 1 0 1
+1 1
+2 1 0 0 1 0 0 1
-3 1 0 1
+2 1
-2 1 0 1
+43 1
-43 2 0 1
+50 1 1 0 1 0 0 1
-1 1 1
+5 2 1
-4 1
-1 1
+7 1
-7 1
+3 2
+2 1
+2 1
-2 2
+16 5 0 0 1 0 0 1
+2 1
+1 1
-1 2
+4 1
+6 1 0 1
-12 1
-25 5 1
+40 1 0 1 1 0 0 1
+53 4 3
-1 1 0 1
+1 3 1
-52 1 0 1
+52 1 1

fl=(49)
fn=(194)
90 10 0 6 1 0 0 1
+5 1 1
-4 1 1 0 0 1
-1 1 0 1
+2 1 1
+3 2
+7 6 2 1 1 0 0 1
+28 3
+1 4 3
-97 3 1
+97 12 9
-97 9 3
+9 3 3
-3 6 0 3
+3 9 3 0 1 1 0 1
+5 6 2
+5 2 1
+8 2
+2 2 2 0 0 1
+4 4 0 1
cob=(3)
cfi=(51)
cfn=(208)
calls=1 -15 
* 158 40 26 14 6 5 14 0 3
+4 1 1 0 1 1 0 1
+1 2
+6 2 2
+2 2 2
-2 1
+3 6
+1 4 1 1 0 1
cob=(3)
cfi=(56)
cfn=(218)
calls=1 -1 
* 11 7 0 2 3 0 2
* 4 1 1
cob=(3)
cfi=(57)
cfn=(220)
calls=1 478 
* 2696 599 296 22 8 4 22 8 4
* 2
-1 7
+49 8
+4 1 0 1
+1 8 7
-86 4 1 0 1 0 0 1
-15 3 1 0 1 0 0 1
+9 1 1
-3 2 0 1
+3 3 1
+5 3 1 0 1 0 0 1
+5 2 1
+8 2
+2 2 2 0 0 1
+4 5 0 2
cob=(2)
cfi=(16)
cfn=(196)
calls=1 -67 
* 6 2 0 2 0 0 1
* 1 1
+4 1 1
+1 2
+6 2 2 0 1 0 0 1
+2 2 2
-2 1
+3 6 0 1
+1 4 1 1
cob=(4) /usr/libexec/valgrind/vgpreload_core-amd64-linux.so
cfi=(50) ???
cfn=(200) 0x00000000000006d0
calls=1 -82 
* 16 3 1 3 0 0 3
* 1
-1 4 1 0 1 0 0 1
+17 2 0 1 1 0 0 1
-54 3 0 0 1 0 0 1

fl=(11)
fn=(22)
34 4 0 2 1 0 0 1
+8 6 2
+4 2
+11 5 3 0 1 0 0 1

fl=(13) /usr/src/debug/glibc-2.17-c758a686/elf/dl-environ.c
fn=(28) _dl_next_ld_env_entry
30 2 2 0 1 0 0 1
+3 7 2
+2 50 25 0 1 0 0 1
+11 24
-13 72 24
-2 1
+19 1 1
-14 13 6
+5 1
-3 1
+3 1 0 1
+2 1 1

fl=(29)
fn=(84)
26 3 0 3 1 0 0 1
+9 3
+1 6 3
+1 3 0 3
+4 3 0 3
+1 3 0 3
+1 3 0 3
+1 3 0 3 0 0 1 0 0 1
+1 3
+2 6 3
+2 3 0 3
+1 3 3
+1 3
+2 6 3 0 1 0 0 1
+2 3 0 3
+4 3
+1 3 3

fl=(9)
fn=(18)
39 1 0 1 1 0 0 1
+7 1
-7 5 0 5 0 0 1 0 0 1
+7 1
-7 1
+10 1
-3 1 0 1
+3 5 0 0 1 0 0 1
188 2 1
+1 7 0 4 1 0 0 1
+7 3 1
307 1 0 1 1 0 0 1
+1 1 0 1 1 0 0 1
+1 1 0 1
+1 8 7
60 1 1 0 1 1 0 1 1
-31 2
+4 1
-4 1 0 1
+5 1
-1 1
+31 1
-30 1 0 0 1 0 0 1
+30 1
-31 1
+27 2
-26 1
+30 1
+1 1
-36 2 0 2
+3 1 0 1
+28 1 0 1
+5 1
+5 1
-17 1 0 0 1 0 0 1
+17 1
+3 1
+1 7 1 0 0 1 0 0 1
+67 5
-88 2
+78 3 0 1 1 0 0 1

fl=(35)
fn=(112)
81 24 0 0 2 0 0 1
+1 6 6

fn=(190) munmap
81 4
+1 1 1

fl=(60)
fn=(240)
71 1 0 1 1 0 0 1
+3 1
+2 1
+3 1
+13 1 0 1 0 0 1 0 0 1
+1 1 0 1
+1 1 0 1
+1 1 0 1 1 0 0 1
+1 1 0 1
+1 1 0 1
+1 1 0 1
+2 1 0 18 0 0 1 0 0 1
+29 1 1
+1 1 1
+1 1 0 1 0 0 1 0 0 1
cfi=(61)
cfn=(242)
calls=1 -65 
* 894 263 89 5 7 9 5 4 9
+1 1
+3 1 18
+6 1 1
+1 1 1
+1 1 1
+1 1 1
+1 1 1 0 1 0 0 1
+1 1 1
+1 1 1
+2 1
+2 1 1
+4 1
+3 1
cob=(3)
cfi=(62)
cfn=(246)
calls=1 -26 
* 31462972 10093576 3972751 358 280064 71359 335 47 49107

fn=(241)
71 6 0 6
+3 6
+2 6
+3 6
+13 6 0 6 0 0 3 0 0 1
+1 6 0 6
+1 6 0 6
+1 6 0 6
+1 6 0 6 0 0 3 0 0 1
+1 6 0 6
+1 6 0 6
+2 6 0 108 0 0 14 0 0 6
+29 6 6
+1 6 6
+1 6 0 6
cfi=(61)
cfn=(242)
calls=6 -65 
* 4233 1324 523 4 147 33 1 22 11
+1 6
+3 6 108
+6 6 6
+1 6 6
+1 6 6
+1 6 6
+1 6 6 0 1
+1 6 6
+1 6 6
+2 6
+2 6 6
+4 6
+3 6
cob=(3)
cfi=(105)
cfn=(430)
calls=1 30 
* 53 15 7 5 2 0 5 1
cob=(3)
cfi=(79)
cfn=(326)
calls=1 29 
* 3845 834 560 200 35 17 198 16 15
cob=(3)
cfi=(73)
cfn=(308)
calls=1 25 
* 66 13 7 12 2 0 12 1
cob=(3)
cfi=(72)
cfn=(300)
calls=1 26 
* 47 13 8 4 0 0 4
cob=(3)
cfi=(70)
cfn=(290)
calls=1 +51 
* 10537 2491 1589 9 1 4 9 0 4
cob=(6)
cfi=(69)
cfn=(282)
calls=1 0 
* 3 1 0 1 0 0 1

fl=(104)
fn=(402)
132 3 0 2 1 0 0 1
+12 1
-12 5 0 4 0 0 1
+19 1 0 1
-6 1 0 1
+9 10 1 2 1 1 0 1
+3 2 1 1 1 1 1 1
cfi=(2)
cfn=(50)
calls=1 787 
* 2 1 1
+3 2 2 0 0 1
+3 2
+2 7 4 0 1 1 0 1
+11 3 1
+2 2 1
+3 21 0 2 1 0 0 1
+11 2 0 1
+2 8 4 0 1 4 0 1
+4 4 4
+2 4 0 4
-2 8 0 4
+6 4 0 4 0 0 3
-5 4 0 4 0 0 4
-7 12 4 0 0 1
+19 6 2 1 1 0 1 1
cfn=(404) _dl_sort_fini
calls=1 33 
* 231 56 36 8 1 0 7
+9 2 1 1
cfi=(2)
cfn=(52)
calls=1 793 
* 2 1 1
+4 4
+2 1 1
+2 3 1
-2 3 3
+2 9 3
+3 8 0 4
+3 12 4 0 1 4 0 1
+4 4 2
+7 4
+4 2 2 0 0 2
+1 2 2
-1 2 2
+2 4 2
+1 6
+1 4 2 2 1 2 0 1
cob=(4)
cfi=(50)
cfn=(418) 0x0000000000000690
calls=1 0 
* 754 238 113 11 33 1 7 1
cob=(5)
cfi=(59)
cfn=(406)
calls=1 0 
* 16 5 4
-1 6
+5 6 2 0 0 2
+1 6 4 2 0 2
cob=(2)
cfi=(16)
cfn=(442)
calls=1 0 
* 3 1 0 1 0 0 1
cob=(2)
cfi=(16)
cfn=(416)
calls=1 0 
* 3 1
+5 24 8 0 0 1
+16 8 0 4 1 0 0 1
-55 9 4 1
-70 2 0 1
284 6 2
-49 4 2 0 1 1 0 1
+55 2 1 0 1 0 0 1
+7 8 7

fn=(404)
33 8 0 6 1 0 0 1
+2 1
-2 3 0 3 1 0 0 1
+2 1
+6 1
-1 3
+1 2
-1 1
+1 14 0 1 1 0 0 1
+1 3 0 2
-1 1 0 1
+1 1 0 1
cfi=(36)
cfn=(114)
calls=1 -12 
* 14 1 8 1
+15 8 2 1 1 0 0 1
+62 5 1
+3 16 4 4
cfi=(36)
cfn=(114)
calls=2 -92 
* 18 2 6
* 8 4
-76 6 2 2
+1 6 4
+4 6 2
+71 2 1 0 1 0 0 1
-76 3 1 1
+1 3 2
+4 9 4
+6 3 3
+1 3
-1 3
+1 7 2 0 1 0 0 1
+2 8 4
+1 4
-1 4 2
+1 4
+3 6
-1 9 3 0 0 1
+31 9 3 0 1 0 0 1
+21 3
-57 6
+61 11 2
+7 8 7

fl=(34)
fn=(110)
32 9 0 9 1 0 0 1
+1 9
-1 81 0 45 0 0 3 0 0 3
+1 23
+1 90
+2 63 63
-3 20 2 0 2 0 0 2

fl=(12) /usr/src/debug/glibc-2.17-c758a686/elf/dl-tunables.c
fn=(26) _dl_process_tunable_env_entries
37 1 0 0 1 0 0 1
-8 1 0 1
+8 1 1
+1 4 1
+4 50 25 0 0 10 0 0 10
+15 25 0 0 1 0 0 1
-19 75 25
+22 2 2

fl=(37)
fn=(126)
60 4 0 2 1 0 0 1
+7 2 2
-4 6 4 0 1 0 0 1
+1 2 2
-1 2 2
+1 2
-1 10 2 2 0 0 1 0 0 1
cfi=(23)
cfn=(88)
calls=2 2131 
* 6412 911 2283 50 45 62 50 45 62
* 2 0 2
+5 4 4

fn=(122) _dl_map_object_deps
147 1 0 1 1 0 0 1
+1 1
-1 2 0 1
+1 1
-1 1 0 1
+1 1
-1 1 0 1
+1 2 0 0 1 0 0 1
-1 4 0 3
+1 2
-1 1 0 1
+1 2
-1 1 0 1
+1 10 0 1 1 0 0 1
+15 1 1
-15 1
+16 1
-2 1 0 1 0 0 1 0 0 1
+1 1 0 1
-15 1 0 1 1 0 0 1
+16 1 0 1
+6 3 1
+10 1
-10 1 0 1
+10 3
-14 1
-4 1
+2 1
+17 1 1
-17 1
-2 2
+2 1 0 0 1 0 0 1
-2 1
+2 1
-2 1 0 1
+1 1 0 1
+1 1 0 1
+6 3 1
+10 1
-10 1 0 1
+10 3 1
-16 4 0 2 1 0 0 1
+20 1
+21 1 0 1
+1 1 0 1
-22 2 0 2
+19 1 1
-12 1 0 1
+15 1 0 1 1 0 0 1
-16 1 0 1
+13 1 0 1
347 9 0 4 1 0 0 1
215 1 0 1
+4 1 1
-8 1
+8 2 1
-4 3 0 3
+4 3 3
-8 3
+8 6 3
+12 12 8
+2 4 4
+6 2 0 2
-6 4 2 2 1 0 0 1
+5 2 0 2
+1 2
+5 2 2
-4 2 2
+4 2 2
-4 2 0 2
+1 2 2
+3 2
-3 2 0 2
+3 4 2
-32 2
+32 4 0 2
+1 98 0 0 1 0 0 1
+6 8 4 2 0 0 1 0 0 1
cfi=(23)
cfn=(124)
calls=2 +31 
* 204 25 10 1 3 0 1 3
* 6
+5 10 8 0 1 0 0 1
-3 2 0 2
+3 2 0 2
cfi=(28)
cfn=(80)
calls=2 -97 
* 6562 961 2339 52 45 65 52 45 65
+2 6 2
+15 2 2
+2 4 2 0 1 0 0 1
+19 4
+1 3 0 1
-51 196 49
475 8
+2 6 0 2 1 0 0 1
+3 4
-1 2 0 2
cfi=(17)
cfn=(40)
calls=2 93 
* 68 12 10
* 2 2
+2 2
-2 2
+2 2
+3 2 2
+1 8
-1 2 0 2 0 0 1 0 0 1
+1 2 0 2
cfi=(18)
cfn=(46)
calls=2 61 
* 41 5 3
+1 10 0 2
cfi=(18)
cfn=(46)
calls=2 61 
* 41 5 3
+4 2 0 2
-1 2 0 2
+5 28 14 3 1 0 0 1
+3 9 3
-1 4 4 0 1 0 0 1
+1 8
204 1
501 6 2
+1 2 1 1 1 0 0 1
+3 6 2 1
+11 4 1 1 1 0 0 1
-1 1 0 1
cfi=(17)
cfn=(40)
calls=1 93 
* 34 6 5
* 1 1
+3 1
-3 1
+3 2 1
+5 7 2 1
+1 4 1 1 1 0 0 1
+2 9 4
+6 9 3 3 0 0 1 0 0 1
+4 3 3
-10 3 3
+10 3 0 3
-10 7 1
+6 3 1 1 0 0 1 0 0 1
+4 1 1
-10 1 1
+10 1 0 1 1 0 0 1
-10 3 0 1
+13 2 1
+53 4 2
+43 18 0 2 2 0 0 2
+1 1
-1 3 0 2
-1 1 0 0 1 0 0 1
+2 1 0 1
cfi=(36)
cfn=(114)
calls=1 30 
* 14 1 8
* 11 4 3 1 0 0 1
+5 1
-1 1 0 1
+7 1
-6 1 1
+6 1
-11 6 4
+5 2
-1 2 0 2
+7 2
-6 2 2
+6 4
+2 8 4
+1 4
-1 4 2
+1 4
+3 6
-1 9 3
+23 3 0 0 1 0 0 1
-28 6
+31 9 3
+3 20 4 6 1 0 0 1
cfi=(36)
cfn=(114)
calls=2 30 
* 18 2 6
* 8 4
280 12 0 2 1 0 0 1
+6 2 2
-6 4
+3 2 0 2 1 0 0 1
+1 2 0 2
+1 2 0 2
+1 2 0 2
+4 10 2 4
-2 8 2 2 1 0 0 1
-37 6 0 3 1 0 0 1
-20 8 4
-19 4
+7 8 4 0 1 1 0 1 1
+1 17 7
+2 2
+2 6 4 0 1 0 0 1
+2 22
+71 141 0 0 1 0 0 1
688 2 1 1 1 0 0 1
+2 1 1
+1 1 0 1
-1 1 0 1
+9 3 1
+3 2
+3 8 7
226 26 2 6 2 0 0 2
628 10 3 3 1 0 0 1
cfi=(18)
cfn=(46)
calls=1 61 
* 28 6 5
+2 4 1 0 1 0 0 1
+33 3 2 0 1 0 0 1

fl=(41) /usr/src/debug/glibc-2.17-c758a686/elf/dl-reloc.c
fn=(154) _dl_relocate_object
148 40 0 24 1 0 0 1
+15 4
-15 8 0 8
+15 4
+1 16 4 4 1 1 0 1
+6 8 4
+6 12 4
-18 4
+22 4 2
+8 8 4 0 1 1 0 1
-33 4 0 4
+78 4 4
fi=(5)
76 4 4
fe=(41)
233 8 4 4
fi=(5)
76 12 0 0 1 0 0 1
fe=(41)
259 176 43 49 2 12 0 2
159 10 0 6
fi=(5)
299 16 0 8
fe=(41)
-40 2 2
fi=(4) /usr/src/debug/glibc-2.17-c758a686/elf/do-rel.h
48 2 2
fe=(41)
259 2 2
fi=(4)
58 2 2
fe=(41)
259 2 2
fi=(4)
47 4 2
+11 4
fe=(41)
259 2
159 10 0 6 1 0 0 1
fi=(5)
299 16 0 8
fe=(41)
-40 2 2 0 1 0 0 1
fi=(4)
48 2 2
fe=(41)
259 2 2
fi=(4)
58 2 2
fe=(41)
259 2 2
fi=(4)
47 4 2
+11 4
fe=(41)
259 4 4
fi=(4)
48 4 4
fe=(41)
259 4 4 0 0 1
fi=(4)
58 4 4
fe=(41)
259 4 4
fi=(4)
47 8 4
+11 8
+3 8
fi=(5)
508 22 11
+4 22
+2 33 11
+1 11 0 11 0 0 1 0 0 1
fi=(4)
61 33
+2 33 11 0 1 3 0 1 3
+11 4 0 0 1 0 0 1
+1 8 0 8 1 0 0 1
fe=(41)
259 24 16
+3 12 4 0 1 0 0 1
+24 4 0 4
+3 8 4
+17 12 4 0 0 2
+2 32 28 0 0 1
fi=(4)
84 6 6 0 1 0 0 1
+2 12
+12 6 0 0 1 0 0 1
-15 6 6
+15 6
-15 6 0 6
+15 6
+10 8
+3 10
fi=(5)
498 6 4 0 0 2 0 0 2
fi=(4)
111 8 0 2 0 0 2 0 0 2
fi=(5)
498 3582 2388 0 0 447 0 0 447
fi=(4)
111 4776 0 1194 0 0 226 0 0 224
+7 18 6 0 1 5 0 1
+3 5 5 0 0 2
+3 5
-3 5 0 5 0 0 1
+3 5
-74 3
fi=(5)
425 3 0 3
fi=(4)
51 3 0 3 0 0 1
fi=(5)
425 12 0 6 1 0 1 1
fi=(4)
127 452 113 0 0 31 0 0 28
+9 212 106
+3 212 212 0 0 1
fi=(5)
267 106
fi=(4)
138 106 106 0 1 1 0 1
-2 106 106 0 0 41 0 0 38
+1 424 106 106
fi=(5)
267 106
+21 212
+4 212
+7 1309 199 0 1 77 0 1 73
fi=(4)
137 75
fi=(5)
299 150
fi=(4)
137 75 0 0 1 0 0 1
fi=(5)
299 75 0 75
fi=(4)
138 75
fi=(5)
299 150
fi=(4)
137 75
fi=(5)
299 237 0 75
fi=(4)
137 12
fi=(5)
299 24
fi=(4)
137 12
fi=(5)
299 12 0 12
fi=(4)
138 12
fi=(5)
299 24
fi=(4)
137 12
fi=(5)
299 1080 435 273 1 2 1 1
cfi=(6)
cfn=(160)
calls=87 716 
* 51501 14725 5935 28 294 10 28 232 2
* 348 87 174
+2 279 0 0 1 0 0 1
+3 105 105
-3 210 210 0 0 1
+3 315
+6 742 106 0 0 2 0 0 2
fe=(41)
177 8 4 0 1 3 0 1
+1 2
+2 4 2
+79 10 0 2 1 0 0 1
fi=(5)
82 4 4 0 0 1
+4 6 2 0 0 2 0 0 1
+14 2 2
-8 2 0 2
+8 4
+20 4 2
+7 4 0 2
+4 8 2 0 0 2
418 279 93 93 1 11 12 1 10 8
fi=(4)
124 348 119 0 1 0 0 1
+19 6
+1 26 1
+1 21 7 0 1 0 0 1
+3 14 7
+4 14 7
-1 7 7
-3 7 7
+1 7 7
+1 7
-1 14 0 7
fi=(5)
299 28 7 0 1 0 0 1
+2 7 7 0 1 0 0 1
+3 7 7
-3 7 7
+3 21
471 14 14
+1 7 0 7
cob=(3)
cfi=(48)
cfn=(180)
calls=1 52 
* 15 4 0 1 0 0 1
cob=(3)
cfi=(47)
cfn=(178)
calls=1 30 
* 22 4 5 2 0 0 2
cob=(3)
cfi=(46)
cfn=(176)
calls=1 27 
* 8 4 0 2 0 0 2
cob=(3)
cfi=(42)
cfn=(174)
calls=1 120 
* 8 4 0 2 0 0 2
cob=(3)
cfi=(45)
cfn=(172)
calls=1 30 
* 5 3 0 1 0 0 1
cob=(3)
cfi=(43)
cfn=(168)
calls=1 36 
* 22 4 5 4 1 0 4
cob=(3)
cfi=(42)
cfn=(166)
calls=1 100 
* 8 4 0 2 1 0 2
+1 14 0 7
299 39 0 0 1 0 0 1
fi=(4)
129 26 7 6
fi=(5)
299 24
+91 36 12 0 1 0 0 1
+4 60 12 0 0 1
+5 60 24 12 1 2 8 1 2 8
-71 2
+1 3 1 1 1 0 0 1
fi=(4)
108 3 1 0 1 1 0 1 1
fe=(41)
314 8 8 0 1 0 0 1
+1 4 4
+1 4
-1 4
-1 8 0 0 1 0 0 1
+2 4
+3 8
+1 12 0 4
cfi=(35)
cfn=(112)
calls=4 81 
* 20 4 0 1
* 8
fi=(5)
-21 14
fi=(4)
129 3 0 2 1 0 0 1
+31 8 0 4 1 0 0 1
+2 24 6 0 1 2 0 1 2
+8 12 6
+1 6 6
-1 6
+1 6 6
fi=(5)
+96 6
fi=(4)
-97 12 0 6
fi=(5)
+97 6
+21 12 0 0 1 0 0 1
+4 12
+7 162 36 30 2 4 1 2 3
cfi=(6)
cfn=(160)
calls=6 716 
* 3006 769 351 2 7 0 2 6
* 24 6 12
+2 18
+3 1 1
-3 2 2
+3 3 0 0 1 0 0 1
+6 42 6 0 0 1 0 0 1
418 18 6 6 0 1 1 0 1 1
fi=(4)
160 18 6 0 1 0 0 1
+14 5 2
fi=(5)
299 144 18 12 3 0 0 3
fe=(41)

fl=(32)
fn=(98)
81 12 0 0 1 0 0 1
+1 3 3

fn=(118)
81 12
+1 3 3

fn=(100)
81 8 0 0 1 0 0 1
+1 2 2

fn=(120) access
81 4 0 0 1 0 0 1
+2 5 1 1

fl=(39) /usr/src/debug/glibc-2.17-c758a686/string/strdup.c
fn=(134) strdup
40 4 0 2
+1 1 0 1 0 0 1 0 0 1
cfi=(10)
cfn=(20)
calls=1 -15 
* 34 4
* 1 0 0 1 0 0 1
+1 2 0 1
cfi=(17)
cfn=(40)
calls=1 +51 
* 34 6 5
* 1 1
+2 2
+4 1
-1 2
+1 2 2
-1 2
cfi=(18)
cfn=(46)
calls=1 +14 
* 27 4 3 0 0 1 0 0 1

fl=(2)
fn=(2)
430 9 0 6 1 0 1 1 0 1
+18 4
fi=(3)
44 1 1 0 0 1 0 0 1
fe=(2)
448 1 0 1 0 0 1 0 0 1
fi=(5)
59 3 1 0 1 1 0 1 1
fi=(3)
-15 1
fe=(2)
474 1 0 1 0 0 1 0 0 1
-3 1 0 1
fi=(3)
44 1
+17 2
-3 1
-7 1 0 0 1 0 0 1
+5 1
+3 1
+2 1
-3 1
-3 1
-3 2
-5 28 0 14 0 0 4 0 0 4
+15 14
-18 42 14 0 0 3 0 0 3
+18 1
-18 3 1
+2 40 0 0 1 0 0 1
+5 24
+1 20 0 5 0 0 3 0 0 3
+10 5
-18 15 5 0 0 2 0 0 2
+25 2
+20 4 1 1 1 0 0 1
+1 4 1 1
+1 4 1 1
+1 4 1 1
+2 4 1 1 1 0 0 1
+5 4 1 1
+1 4 1 1
+1 4 1 1
fe=(2)
496 34 10 0 3 0 0 3
fi=(4)
111 1
-28 1 1
+28 2
fi=(5)
498 3 2 0 0 2 0 0 2
fi=(4)
111 2
fi=(5)
498 1 0 1 0 0 1 0 0 1
fi=(4)
111 1
fi=(5)
498 27 18 0 0 3 0 0 3
fi=(4)
111 18
fi=(5)
498 9 0 9 0 0 1 0 0 1
fi=(4)
111 9
+13 1
fi=(5)
310 1
fi=(4)
124 2
+13 1 1 0 1 0 0 1
+2 2 1
-2 1
fi=(5)
264 1
fi=(4)
137 1
fi=(5)
292 1
fi=(4)
137 2
fi=(5)
292 1
fi=(4)
137 8 8 0 0 2 0 0 2
+2 16 8
-2 8
fi=(5)
264 8
fi=(4)
137 8
fi=(5)
292 8
fi=(4)
137 16
fi=(5)
292 8
+9 18
+3 9 9 0 0 5 0 0 5
-3 18 18 0 0 2 0 0 2
+3 27
+6 54 9 0 0 1 0 0 1
fi=(3)
53 4 0 0 1 0 0 1
+3 4 0 0 1 0 0 1
+3 4
+1 1 0 0 1 0 0 1
+1 2 0 1 0 0 1 0 0 1
fe=(2)
378 1
498 1 0 1 0 0 1 0 0 1
378 1 0 1 0 0 1 0 0 1
cfi=(6)
cfn=(10)
calls=1 865 
* 23 7 6 2 1 0 2 1
+1 2 0 1
+1 2 0 1 1 0 1 1 0 1
+1 2 0 1
+1 2 0 1
+9 1
+9 1
-9 3
+9 1
-6 1 0 1 1 0 1 1 0 1
-3 1 0 1 0 0 1 0 0 1
+9 1 0 1
cfi=(7)
cfn=(12)
calls=1 86 
* 91080 23877 12631 528 1131 477 525 997 458
* 1 0 0 1
+9 4
+3 1 1 0 0 1
+4 1 1
-4 1 0 1 0 0 1
+4 1
523 9 7 0 0 1
fi=(5)
399 9 9 0 1 1 0 1 1
+9 9 0 9 0 0 1 0 0 1
fi=(4)
124 28
fe=(2)

fn=(148) init_tls
678 1 0 0 1 0 0 1
-1 1 1 0 1 1 0 1
-6 1 0 1
+2 2 1 1
+4 1
+10 2
-4 1
+4 2 0 1
cfi=(17)
cfn=(36)
calls=1 102 
* 91 17 13
* 1 1
-1 1 0 1
+6 1
-9 1 0 1 0 0 1 0 0 1
+11 1 0 1 1 0 0 1
+6 1 1
-1 1
+1 10
+2 8 4
+4 1
+2 1
-2 2 0 1
-5 8 4
+12 1 0 1
cfi=(26)
cfn=(150)
calls=1 144 
* 56 11 8 4 0 0 4
+7 1 0 1
cfi=(26)
cfn=(152)
calls=1 349 
* 455 31 313 3 0 37 3 0 37
+1 1
-1 1
+1 1
+6 1 1 0 1 0 0 1
+4 1
-4 1 0 1
+4 6 0 2 1 0 0 1
+3 2 0 1
+3 2 2

fn=(76) handle_ld_preload
840 9 0 7 1 0 1 1 0 1
+1 1
-76 1 0 0 1 0 0 1
+86 1
-11 2 0 1 0 0 1 0 0 1
-75 6 0 3 0 0 1 0 0 1
+80 3 1
fi=(27) /usr/src/debug/glibc-2.17-c758a686/elf/../string/bits/string2.h
984 3 0 0 1 0 0 1
+1 5
-1 200
+1 100
+1 50
-2 50 50
+2 50
-2 151 1
+2 1
-2 3 0 0 1 0 0 1
fe=(2)
849 3
+10 4
108 3 1
862 2 1 0 1 0 0 1
760 1 1
+5 5 3
-10 1 0 1
+4 1 0 1
+1 1 0 1
+1 1 0 1
+2 1 1 0 1 0 0 1
+2 1 0 1
cfi=(28)
cfn=(80)
calls=1 159 
* 2723 551 319 106 20 37 106 20 37
+1 2 1
+8 3 1
+89 1
-18 3 1
+21 9 7
-15 4 0 1 1 0 0 1
cfi=(18)
cfn=(46)
calls=1 61 
* 56 10 9 3 0 1 3 0 1
* 1
+1 3 0 1

fn=(82)
747 8 4

fn=(24)
875 10 0 7 1 0 1 1 0 1
+19 1
2464 1 1
875 1
2464 1
875 1
+19 1 0 1 1 0 0 1
+3 1
-22 2 0 1 0 0 1 0 0 1
+22 1 0 1 0 0 1 0 0 1
+4 2 0 1 0 0 1 0 0 1
+1 2 0 1
+5 2 0 1 1 0 0 1
2457 2 1 1 0 0 1 0 0 1
+7 1
-5 1
+5 4 0 1 0 0 1 0 0 1
+5 1 0 1 0 0 1 0 0 1
cfi=(12)
cfn=(26)
calls=1 37 
* 159 54 1 2 10 0 2 10
* 1
-9 4 0 3 1 0 0 1
+11 2 1 1
cfi=(13)
cfn=(28)
calls=1 30 
* 168 58 1 2 0 0 2
* 2 1 1
cfi=(13)
cfn=(28)
calls=1 30 
* 6 3
* 6
+4 19 1
+1 7
-1 21 7 0 1 0 0 1
+3 2
+6 8 1 0 0 1 0 0 1
2632 3 1
+30 3 1 0 1 0 0 1
915 2 1 0 1 0 0 1
-2 1 0 1 0 0 1 0 0 1
+2 1
1111 7 0 1 1 0 0 1
cfi=(15)
cfn=(32)
calls=1 62 
* 244 29 50 20 3 13 20 3 13
* 1
+3 1 0 1 0 0 1 0 0 1
+1 1 1
+5 2
-5 1 0 1
+1 1 1
884 1
1116 1 0 1 1 0 0 1
+4 1 0 1
cfi=(15)
cfn=(48)
calls=1 33 
* 34 8 9 4 0 1 4 0 1
* 3 1 1
+30 1 1
-3 1 0 1
-5 1 0 1
+1 1 0 1
+2 1 0 1 1 0 0 1
+5 6
+56 2 1
881 1
1206 2
-55 24
-1 27
+1 47 9 0 2 5 0 2 5
-1 2 2 0 1 0 0 1
1253 3 1 0 1 1 0 1 1
+3 2
+2 2
+2 2 1
+13 2 0 0 1 0 0 1
+1 8 5 2
cfi=(19)
cfn=(54)
calls=1 132 
* 7 3 0 1 1 0 1 1
* 3 1
+11 1
-4 1 0 1 1 0 0 1
+1 1 0 1
-3 1 0 1
+6 1 0 1
+6 2
fi=(3)
29 1 1
+9 2
+6 1 1 0 0 1 0 0 1
-2 1
+2 2 0 0 1 0 0 1
+7 1
+5 1
+3 1
+2 1
-3 1
-3 1
-3 14 0 3 0 0 2 0 0 2
+10 3
-18 9 3 0 0 1 0 0 1
+8 19 0 19 0 0 3 0 0 3
+10 19
-18 57 19 0 0 5 0 0 5
+18 1
-18 3 1
+2 46 0 0 1 0 0 1
+5 16
+2 4
+16 3 1 0 1 0 0 1
+67 3 1 0 1 0 0 1
+14 3 1 0 1 1 0 1 1
+18 2 1
fe=(2)
1296 2 0 1 1 0 0 1
cfi=(6)
cfn=(10)
calls=1 865 
* 23 7 6 0 1 0 0 1
+3 2 1
fi=(20) /usr/src/debug/glibc-2.17-c758a686/elf/setup-vdso.h
24 2 1
fe=(2)
1321 1 0 1 1 0 0 1
cfi=(21)
cfn=(60)
calls=1 45 
* 93 16 7 5 1 1 5 1 1
* 8 1 1
1155 3 1 1 1 0 0 1
+1 1
+90 2 1 1
+1 2 1 1
+1 1
-6 2 1 1 1 0 0 1
+1 1
-37 2 2 0 1 1 0 1 1
-1 2 2
+1 4 0 0 1 0 0 1
-1 2
+2 4 2
+1 1 0 1
+3 2 1
+1 2 1
-1 2 1 0 0 1 0 0 1
+1 2 1
+1 2 0 2
+1 6 3
+1 2 0 1
-45 1 1 0 1 1 0 1 1
+9 1
-9 1 1
+9 1 1
-7 1
+25 1
-25 1 0 1
-3 1 0 1 0 0 1 0 0 1
+10 1 0 0 1 0 0 1
-19 3 2 1 1 0 0 1
+1 1
fi=(3)
56 4 0 0 2 0 0 2
fe=(2)
2505 4 0 1 1 0 0 1
cfi=(14)
cfn=(30)
calls=1 309 
* 26 9 6 3 1 1 3 1 1
* 2
fi=(3)
59 4 0 0 2 0 0 2
+1 1
+1 3 0 1
fe=(2)
2512 4 0 1 1 0 0 1
cfi=(14)
cfn=(30)
calls=1 309 
* 80 21 6 0 1 0 0 1
* 2
+2 3 0 1
1326 2 1 1 1 0 0 1
cfi=(23)
cfn=(64)
calls=1 739 
* 541 82 106 36 1 7 36 1 7
+3 3 1 1
cfi=(25)
cfn=(70)
calls=1 51 
* 17 4 4 2 1 0 2 1
+7 1 1
-7 1 0 1
+2 1 0 1
+5 1
+3 3 2 1 1 0 0 1
+1 1 1
+3 1 0 1
-3 3 0 1
+1 2 0 1
+3 1 0 1
+5 1 1 0 1 0 0 1
-7 1 0 1
+7 1
+1 5 1 1
+4 1 1
+4 1 1 0 0 1 0 0 1
-2 4 1
+1 2 0 1 1 0 0 1
+1 3 0 1 0 0 1 0 0 1
+5 2
+1 6 1 0 0 1 0 0 1
+2 2 1 1 0 0 1 0 0 1
+1 2 1 1 1 0 0 1
+5 2 1
+6 4 2
+1 2
-2 1 0 1 1 0 0 1
890 1 0 1
1558 1 0 1
cfi=(26)
cfn=(72)
calls=1 111 
* 4 3 0 2 0 0 2
* 1 0 1
+8 3 1
+3 2 1 1
+4 3 1 0 1 0 0 1
+7 1
+4 3 1
+19 3 1
+16 3 0 1 1 0 0 1
cfi=(32)
cfn=(120)
calls=1 81 
* 9 1 1 1 0 0 1
* 2
+77 4 2
+17 3
+1 1
-1 1
+1 2
-1 1 0 0 1 0 0 1
+1 5 0 1
cfi=(37)
cfn=(122)
calls=1 147 
* 8158 1258 2525 91 49 70 91 49 70
+1 1
+5 1 1
-5 3
+2 2 0 1
+3 4 1
+1 4 1 1 1 0 0 1
-1 2
+1 12 3 3
-1 6
+4 3 2 1
+1 3 1
+1 1 0 1
+2 2
+1 5 2 0 1 0 0 1
-1 4
+1 4 2
-1 6
-28 11 0 0 2 0 0 2
168 2 0 0 1 0 0 1
1742 1 1
-1 2 1 1
+1 1
+2 1
+2 3
+2 1 1 0 1 0 0 1
-4 1 0 1
+4 2
+15 2 0 1
+1 3 1
+13 1 1 0 1 0 0 1
-2 1
+2 1
-2 1
+2 1
-1 1 0 1
-1 2 0 1
+2 1 0 1
cfi=(28)
cfn=(138)
calls=1 197 
* 2346 726 253 25 22 13 25 21 13
+10 1 1
+1 1 1 0 1 0 0 1
-1 1 0 1
+1 1
+1 1 0 1
cfn=(148)
calls=1 678 
* 668 74 347 12 1 38 12 0 38
* 1 0 1
+2 2 1
802 1 1
fi=(112) /usr/src/debug/glibc-2.17-c758a686/elf/../sysdeps/unix/sysv/linux/dl-osinfo.h
86 2 1
fe=(2)
804 1 0 1
fi=(112)
112 1 1
fe=(2)
813 1 0 1 1 0 0 1
+7 1 0 1
-5 1 0 1
1796 2 1
2029 3 1
+56 1 0 0 1 0 0 1
+4 1 1
+7 1
-11 1 0 1
+4 3 1 2 1 0 0 1
+4 2 1 1
+3 1
+8 2
+99 4 2 0 1 0 0 1
+2 1 0 1
+5 2 1 1
cfi=(26)
cfn=(184)
calls=1 443 
* 254 29 159 6 3 3 6 0 3
+4 2 1
+12 2 0 0 1 0 0 1
+29 1 0 1
cfi=(7)
cfn=(186)
calls=1 251 
* 1 1 0 1 0 0 1
+4 3 1
+20 3 0 1
cfi=(25)
cfn=(70)
calls=1 51 
* 8 3 0 0 1
+1 1 0 1 1 0 0 1
-1 1
+2 1 0 1
cfi=(25)
cfn=(74)
calls=1 75 
* 1 1
+1 1
+4 1 0 1
cfi=(38)
cfn=(188) _dl_unload_cache
calls=1 316 
* 15 4 2 2 2 0 1
+5 8 7 0 0 2
1315 3 0 1 1 0 0 1
1605 3 0 0 1 0 0 1
+1 1
-1 2
+1 1 0 1
cfn=(76)
calls=1 840 
* 3465 630 346 116 20 41 116 20 41
* 1
+1 4
+2 3 0 1
-31 2 1 1 1 0 0 1
+1 1 0 1
cfi=(25)
cfn=(74)
calls=1 75 
* 1 1 0 1 0 0 1
* 1 0 0 1 0 0 1
2226 2 1 0 1 0 0 1
+15 1
+3 1 1
-3 1
+3 1 0 0 1 0 0 1
-3 2
+3 2
-3 1
+2 1 0 1
+1 1 0 1
cfi=(41)
cfn=(154)
calls=1 148 
* 6302 1832 738 0 18 2 0 2
+1 4
+2 3 0 1
2079 1 1 0 1 0 0 1
883 2
1739 2 0 1 2 0 0 2
2150 3 1 0 1 0 0 1
+7 1 0 1
+2 11 1 1 1 0 0 1
+2 1
+2 12 8 0 0 1
+5 8 8
+2 8
+8 4
-2 4 0 4
+2 8
+1 24 6 3 0 2
cfi=(41)
cfn=(154)
calls=3 148 
* 66864 18700 7851 91 949 263 90 850 246
+4 14 5 0 0 1
-22 12 1 0 1 1 0 1
+25 4
+2 1
+6 1 1
-6 1 0 1
+6 1
1700 6 0 1 2 0 0 2
+1 1
-1 2
+4 1 0 1
+1 1 1
-1 1
+2 2
2172 1 0 1 1 0 0 1
+1 1 1
-3 2
+14 2 0 1
cfi=(26)
cfn=(182)
calls=1 879 
* 24 9 6 3 3 0 3
* 1

fn=(140)
611 2 0 1 1 0 0 1
+2 4 2 1
cfi=(40)
cfn=(142)
calls=1 381 
* 2306 711 239 22 22 13 22 21 13
* 2
+4 2 2

fn=(86)
579 2 0 1 1 0 0 1
+2 7 3 1
cfi=(23)
cfn=(88)
calls=1 2131 
* 2653 529 291 99 20 33 99 20 33
* 1 0 1
+2 2 2

fn=(52)
793 8 4 4

fn=(50)
787 8 4 4 1 0 1 1 0 1

fl=(19)
fn=(54)
132 210 210 0 1 18 0 1 8
+1 210 210 0 0 14 0 0 2
+1 210
+1 129
+1 129
+1 129
+1 129
cfn=(55) strcmp'2
calls=129 -6 
* 9406 2749 0 0 4 0 0 3
+5 81
+1 81
+1 81
+1 81 81

fn=(55)
132 1310 1310 0 0 3 0 0 3
+1 1310 1310 0 0 1
+1 1310
+1 1299
+1 1299
+1 1299
+1 1299
cfn=(55)
calls=1181 -6 
* 50564 14953 0 0 6 0 0 4
+2 118
+1 118 118
+2 11
+1 11
+1 11
+1 11 11

fl=(38)
fn=(188)
316 4 1 0 1 1 0 1
-1 1
+3 2 1 1 1 1
cfi=(35)
cfn=(190)
calls=1 81 
* 5 1
+1 1 0 1
+2 2 1

fn=(128)
185 9 0 6 1 0 1 1 0 1
+8 2 1 0 1 0 0 1
+3 3 1
+45 1 1
+6 2
+8 1
+20 1 1
-20 1 0 1
+7 1 1 0 1 0 0 1
-7 1 0 1
+20 1
-20 1 1
+7 2 1 1
-7 1 0 1
+7 1 0 1
+13 130 22 8 2 8 0 2 8
cfn=(132) _dl_cache_libcmp
calls=8 139 
* 565 86 0 4 8 0 4 8
* 32
-76 4 0 1 1 0 1 1 0 1
cfi=(30)
cfn=(130)
calls=1 43 
* 94 16 15 3 1 2 3 1 2
+8 1
-8 1
+8 4 1
+1 4 0 1 1 0 0 1
cfi=(14)
cfn=(30)
calls=1 309 
* 112 29 6 0 2 0 0 2
* 2
+7 1 1
-3 1 0 1
+3 3
+3 1
+1 2
-1 1 0 1
+1 1
+1 3 0 1 1 0 0 1
cfi=(14)
cfn=(30)
calls=1 +89 
* 165 34 6 4 1 0 4 1
* 2
+2 2
+53 14 3 3 2 1 0 2 1
cfn=(132)
calls=1 139 
* 72 11
* 5 2
-12 3 2 0 1 0 0 1
+12 1
-12 2 0 2
-1 2 0 1
+13 23 9 0 2 0 0 2
+16 2 1 0 1 0 0 1
+4 2
+8 2 0 1
cfi=(10)
cfn=(20)
calls=1 26 
* 65 8 0 0 1 0 0 1
* 17 0 1 1 0 0 1
+1 1
-1 1
+1 2 0 1
cfi=(18)
cfn=(46)
calls=1 61 
* 27 4 3
+1 2 0 1 1 0 0 1
cfi=(39)
cfn=(134)
calls=1 40 
* 113 17 12 1 0 2 1 0 2
+1 8 7

fn=(132)
139 27 18 0 1 8 0 1 8
+1 20 0 0 1 0 0 1
+2 86
+2 43
-2 43
+2 2
+6 1
+2 1 1
-1 1
-1 1
+1 1
-1 1
+2 3
+2 5 1 0 1 0 0 1
+2 2
+6 84 0 0 1 0 0 1
+2 152 68
+4 34
+1 34
-29 68
+32 2
+1 2 1
-8 8
+8 16 8

ob=(4)
fl=(50)
fn=(418)
0 8 2 2 1 2 0 1
cob=(1)
cfi=(60)
cfn=(241)
calls=1 71 
0 728 229 106 9 31 1 5 1
0 5 3 2
0 1 0 1
cfn=(436) 0x0000000000000620
calls=1 0 
0 9 2 1 1 0 0 1
0 3 2 1

fn=(200)
0 16 3 1 3 0 0 3

fn=(436)
0 9 2 1 1 0 0 1

totals: 31558793 10118604 3985922 972 281253 71878 943 1080 49604
